-7.524214386940002441e-01 -4.533030390739440918e-01 5.547211319208145142e-02 1.000000000000000000e+00
-7.300994992256164551e-01 -2.564953267574310303e-01 1.108800545334815979e-01 1.000000000000000000e+00
-6.989969611167907715e-01 -3.452625498175621033e-02 1.558089703321456909e-01 1.000000000000000000e+00
-6.509657502174377441e-01 1.618553102016448975e-01 1.063462421298027039e-01 0.000000000000000000e+00
-5.737743377685546875e-01 3.514702916145324707e-01 -1.784516498446464539e-02 1.000000000000000000e+00
-4.489376842975616455e-01 5.064751505851745605e-01 -2.117769569158554077e-01 1.000000000000000000e+00
-2.962816059589385986e-01 6.211739182472229004e-01 -3.576728403568267822e-01 1.000000000000000000e+00
-1.188960745930671692e-01 7.044419050216674805e-01 -5.204950571060180664e-01 1.000000000000000000e+00
8.175911754369735718e-02 7.291267514228820801e-01 -5.374649167060852051e-01 1.000000000000000000e+00
2.504180669784545898e-01 6.894630193710327148e-01 -5.124977827072143555e-01 1.000000000000000000e+00
4.146672487258911133e-01 5.954818725585937500e-01 -3.460627496242523193e-01 1.000000000000000000e+00
5.534725189208984375e-01 4.749020040035247803e-01 -2.010525912046432495e-01 1.000000000000000000e+00
6.582163572311401367e-01 3.121910989284515381e-01 -1.052368804812431335e-02 1.000000000000000000e+00
7.159257531166076660e-01 1.166016757488250732e-01 1.110702380537986755e-01 0.000000000000000000e+00
7.579962015151977539e-01 -7.531492412090301514e-02 1.548400074243545532e-01 1.000000000000000000e+00
7.783817052841186523e-01 -2.972457706928253174e-01 9.937414526939392090e-02 1.000000000000000000e+00
8.032920956611633301e-01 -4.955013990402221680e-01 4.358062148094177246e-02 1.000000000000000000e+00
-6.154962778091430664e-01 -4.780316054821014404e-01 -4.329186379909515381e-01 1.000000000000000000e+00
-5.263826847076416016e-01 -6.237351894378662109e-01 -6.179671287536621094e-01 1.000000000000000000e+00
-3.738091886043548584e-01 -6.416499614715576172e-01 -7.597969770431518555e-01 1.000000000000000000e+00
-2.100028842687606812e-01 -6.182847619056701660e-01 -8.218025565147399902e-01 1.000000000000000000e+00
-7.340721786022186279e-02 -5.770977139472961426e-01 -8.353601098060607910e-01 1.000000000000000000e+00
1.329360306262969971e-01 -5.827530026435852051e-01 -8.378994464874267578e-01 1.000000000000000000e+00
2.663125395774841309e-01 -6.305487155914306641e-01 -8.276829719543457031e-01 1.000000000000000000e+00
4.252234101295471191e-01 -6.622689962387084961e-01 -7.646719813346862793e-01 1.000000000000000000e+00
5.728787779808044434e-01 -6.534615159034729004e-01 -6.209325790405273438e-01 1.000000000000000000e+00
6.686438322067260742e-01 -5.151872634887695312e-01 -4.362526834011077881e-01 1.000000000000000000e+00
3.340590745210647583e-02 -4.389989972114562988e-01 -8.511197566986083984e-01 1.000000000000000000e+00
3.884605318307876587e-02 -3.052013218402862549e-01 -9.240413308143615723e-01 1.000000000000000000e+00
3.948906064033508301e-02 -1.897539347410202026e-01 -9.904004931449890137e-01 1.000000000000000000e+00
4.173676669597625732e-02 -6.843478977680206299e-02 -1.047502756118774414e+00 1.000000000000000000e+00
-9.758394211530685425e-02 2.208339050412178040e-02 -7.969621419906616211e-01 1.000000000000000000e+00
-3.053593449294567108e-02 4.829102009534835815e-02 -8.329067826271057129e-01 1.000000000000000000e+00
4.135977849364280701e-02 6.878493726253509521e-02 -8.522303700447082520e-01 1.000000000000000000e+00
1.123448535799980164e-01 4.484603554010391235e-02 -8.345544934272766113e-01 1.000000000000000000e+00
1.783427596092224121e-01 1.560243684798479080e-02 -7.978087663650512695e-01 1.000000000000000000e+00
-4.407343566417694092e-01 -3.971513509750366211e-01 -5.911347866058349609e-01 1.000000000000000000e+00
-3.503211736679077148e-01 -4.400483369827270508e-01 -6.937186121940612793e-01 1.000000000000000000e+00
-2.501324117183685303e-01 -4.391117990016937256e-01 -7.004677653312683105e-01 1.000000000000000000e+00
-1.561160981655120850e-01 -3.944541215896606445e-01 -6.620720028877258301e-01 1.000000000000000000e+00
-2.421977519989013672e-01 -3.598636388778686523e-01 -6.730579137802124023e-01 1.000000000000000000e+00
-3.407349288463592529e-01 -3.534747064113616943e-01 -6.626114845275878906e-01 1.000000000000000000e+00
2.206374853849411011e-01 -4.046532809734344482e-01 -6.626265048980712891e-01 1.000000000000000000e+00
3.119857013225555420e-01 -4.536262750625610352e-01 -7.036492228507995605e-01 1.000000000000000000e+00
4.127126932144165039e-01 -4.599210321903228760e-01 -6.969054341316223145e-01 1.000000000000000000e+00
5.036156177520751953e-01 -4.220444262027740479e-01 -5.913749337196350098e-01 1.000000000000000000e+00
4.052162170410156250e-01 -3.726008236408233643e-01 -6.625067591667175293e-01 1.000000000000000000e+00
3.068723082542419434e-01 -3.745756149291992188e-01 -6.735756397247314453e-01 1.000000000000000000e+00
-2.027835994958877563e-01 2.461680769920349121e-01 -6.562005877494812012e-01 1.000000000000000000e+00
-1.340928822755813599e-01 2.095586955547332764e-01 -7.565401792526245117e-01 1.000000000000000000e+00
-2.503628470003604889e-02 1.917984038591384888e-01 -8.161113858222961426e-01 1.000000000000000000e+00
4.455753415822982788e-02 1.983218342065811157e-01 -8.217420578002929688e-01 1.000000000000000000e+00
1.147405281662940979e-01 1.876143068075180054e-01 -8.169032931327819824e-01 1.000000000000000000e+00
2.244500517845153809e-01 1.988946348428726196e-01 -7.580338716506958008e-01 1.000000000000000000e+00
3.027315139770507812e-01 2.328024059534072876e-01 -6.541050076484680176e-01 1.000000000000000000e+00
2.363463491201400757e-01 2.852383255958557129e-01 -7.256326079368591309e-01 1.000000000000000000e+00
1.322200298309326172e-01 3.114412426948547363e-01 -7.895759940147399902e-01 1.000000000000000000e+00
5.889361724257469177e-02 3.179950118064880371e-01 -7.964231967926025391e-01 1.000000000000000000e+00
-1.499264966696500778e-02 3.148405551910400391e-01 -7.913671731948852539e-01 1.000000000000000000e+00
-1.257485151290893555e-01 2.938743233680725098e-01 -7.324227690696716309e-01 1.000000000000000000e+00
-1.960909515619277954e-01 2.425209432840347290e-01 -6.527944207191467285e-01 1.000000000000000000e+00
-2.495219744741916656e-02 2.435450106859207153e-01 -7.521314620971679688e-01 1.000000000000000000e+00
4.524488747119903564e-02 2.399925142526626587e-01 -7.547470331192016602e-01 1.000000000000000000e+00
1.164706870913505554e-01 2.405066788196563721e-01 -7.546218037605285645e-01 1.000000000000000000e+00
3.000622093677520752e-01 2.319043874740600586e-01 -6.536874771118164062e-01 1.000000000000000000e+00
1.303669661283493042e-01 2.357823401689529419e-01 -7.669552564620971680e-01 1.000000000000000000e+00
5.865990743041038513e-02 2.371078282594680786e-01 -7.772605419158935547e-01 1.000000000000000000e+00
-1.745016314089298248e-02 2.394639253616333008e-01 -7.683764696121215820e-01 1.000000000000000000e+00
