-7.455980181694030762e-01 -3.437296748161315918e-01 3.314590752124786377e-01 1.000000000000000000e+00
-7.272184491157531738e-01 -1.474856585264205933e-01 3.523991107940673828e-01 1.000000000000000000e+00
-7.018516063690185547e-01 7.167278975248336792e-02 3.575353026390075684e-01 1.000000000000000000e+00
-6.701022982597351074e-01 2.510000467300415039e-01 2.797632813453674316e-01 0.000000000000000000e+00
-6.004115939140319824e-01 4.129404127597808838e-01 1.281360238790512085e-01 1.000000000000000000e+00
-4.967213273048400879e-01 5.406283140182495117e-01 -9.200043231248855591e-02 1.000000000000000000e+00
-3.565371334552764893e-01 6.349904537200927734e-01 -2.636137604713439941e-01 1.000000000000000000e+00
-1.916710585355758667e-01 6.880549788475036621e-01 -4.396700263023376465e-01 1.000000000000000000e+00
7.980321533977985382e-03 7.128673195838928223e-01 -4.723149836063385010e-01 1.000000000000000000e+00
1.782958358526229858e-01 6.719877123832702637e-01 -4.468788206577301025e-01 1.000000000000000000e+00
3.553599715232849121e-01 6.056288480758666992e-01 -2.836300432682037354e-01 1.000000000000000000e+00
4.983719289302825928e-01 4.968729913234710693e-01 -1.250504404306411743e-01 1.000000000000000000e+00
6.041232347488403320e-01 3.570455014705657959e-01 8.505716919898986816e-02 1.000000000000000000e+00
6.638752222061157227e-01 1.858839839696884155e-01 2.303230017423629761e-01 1.000000000000000000e+00
6.892780661582946777e-01 8.450448513031005859e-03 2.983240783214569092e-01 1.000000000000000000e+00
6.958186626434326172e-01 -2.139058262109756470e-01 2.801223099231719971e-01 1.000000000000000000e+00
6.997488737106323242e-01 -4.118973314762115479e-01 2.563281059265136719e-01 1.000000000000000000e+00
-6.371232271194458008e-01 -4.437195658683776855e-01 -1.270460486412048340e-01 1.000000000000000000e+00
-5.648053288459777832e-01 -6.097965836524963379e-01 -2.863600254058837891e-01 1.000000000000000000e+00
-4.291699230670928955e-01 -6.459833383560180664e-01 -4.255902171134948730e-01 1.000000000000000000e+00
-2.796830236911773682e-01 -6.364631056785583496e-01 -4.961784780025482178e-01 1.000000000000000000e+00
-1.509399712085723877e-01 -6.040572524070739746e-01 -5.170309543609619141e-01 1.000000000000000000e+00
3.709073737263679504e-02 -6.103295087814331055e-01 -5.279352068901062012e-01 1.000000000000000000e+00
1.606756150722503662e-01 -6.533318161964416504e-01 -5.238248705863952637e-01 1.000000000000000000e+00
3.108420073986053467e-01 -6.799191236495971680e-01 -4.647533297538757324e-01 1.000000000000000000e+00
4.558227956295013428e-01 -6.593861579895019531e-01 -3.349635601043701172e-01 1.000000000000000000e+00
5.550644993782043457e-01 -5.011180043220520020e-01 -1.840665638446807861e-01 1.000000000000000000e+00
-5.046642571687698364e-02 -4.821273982524871826e-01 -5.519831776618957520e-01 1.000000000000000000e+00
-4.775069653987884521e-02 -3.684049248695373535e-01 -6.401454210281372070e-01 1.000000000000000000e+00
-4.806749150156974792e-02 -2.693610489368438721e-01 -7.191492319107055664e-01 1.000000000000000000e+00
-4.612225294113159180e-02 -1.622622907161712646e-01 -7.894237041473388672e-01 1.000000000000000000e+00
-1.610242873430252075e-01 -3.967723995447158813e-02 -5.590324401855468750e-01 1.000000000000000000e+00
-1.007436215877532959e-01 -2.230957336723804474e-02 -5.984781384468078613e-01 1.000000000000000000e+00
-3.691430389881134033e-02 -7.514424156397581100e-03 -6.229097843170166016e-01 1.000000000000000000e+00
2.724871784448623657e-02 -2.879820391535758972e-02 -6.064726710319519043e-01 1.000000000000000000e+00
8.817564696073532104e-02 -5.184075981378555298e-02 -5.707834959030151367e-01 1.000000000000000000e+00
-4.879058003425598145e-01 -4.018206894397735596e-01 -2.958836555480957031e-01 1.000000000000000000e+00
-4.084371626377105713e-01 -4.640807807445526123e-01 -3.894611299037933350e-01 1.000000000000000000e+00
-3.115884363651275635e-01 -4.662256836891174316e-01 -3.994945585727691650e-01 1.000000000000000000e+00
-2.194963097572326660e-01 -4.172576367855072021e-01 -3.720816671848297119e-01 1.000000000000000000e+00
-3.013296425342559814e-01 -3.825483024120330811e-01 -3.849951922893524170e-01 1.000000000000000000e+00
-3.935781121253967285e-01 -3.731186985969543457e-01 -3.715487420558929443e-01 1.000000000000000000e+00
1.321083009243011475e-01 -4.335913658142089844e-01 -3.909889459609985352e-01 1.000000000000000000e+00
2.156450748443603516e-01 -4.890421926975250244e-01 -4.266291856765747070e-01 1.000000000000000000e+00
3.128559291362762451e-01 -4.955878555774688721e-01 -4.266318380832672119e-01 1.000000000000000000e+00
4.038175940513610840e-01 -4.426017701625823975e-01 -3.380454480648040771e-01 1.000000000000000000e+00
3.069937229156494141e-01 -4.047676622867584229e-01 -4.059926867485046387e-01 1.000000000000000000e+00
2.139367312192916870e-01 -4.062225520610809326e-01 -4.113565385341644287e-01 1.000000000000000000e+00
-2.550964057445526123e-01 2.280856966972351074e-01 -4.817897975444793701e-01 1.000000000000000000e+00
-1.931018382310867310e-01 1.596675068140029907e-01 -5.684310793876647949e-01 1.000000000000000000e+00
-9.496396780014038086e-02 1.238658800721168518e-01 -6.194493174552917480e-01 1.000000000000000000e+00
-3.173607960343360901e-02 1.270431429147720337e-01 -6.273590326309204102e-01 1.000000000000000000e+00
3.254668414592742920e-02 1.170785054564476013e-01 -6.260455846786499023e-01 1.000000000000000000e+00
1.376787275075912476e-01 1.440736949443817139e-01 -5.831834077835083008e-01 1.000000000000000000e+00
2.119095027446746826e-01 2.137625515460968018e-01 -5.022979378700256348e-01 1.000000000000000000e+00
1.405727565288543701e-01 2.423594594001770020e-01 -5.696646571159362793e-01 1.000000000000000000e+00
4.149850830435752869e-02 2.499624192714691162e-01 -6.191508173942565918e-01 1.000000000000000000e+00
-2.448456920683383942e-02 2.532880902290344238e-01 -6.225639581680297852e-01 1.000000000000000000e+00
-9.128803759813308716e-02 2.513823509216308594e-01 -6.136747002601623535e-01 1.000000000000000000e+00
-1.883796900510787964e-01 2.481211423873901367e-01 -5.600610375404357910e-01 1.000000000000000000e+00
-2.494529485702514648e-01 2.229778319597244263e-01 -4.778467714786529541e-01 1.000000000000000000e+00
-9.061018377542495728e-02 1.873153746128082275e-01 -5.712918043136596680e-01 1.000000000000000000e+00
-2.695161662995815277e-02 1.817817389965057373e-01 -5.764820575714111328e-01 1.000000000000000000e+00
3.774100914597511292e-02 1.831366866827011108e-01 -5.783771276473999023e-01 1.000000000000000000e+00
2.095002532005310059e-01 2.124608606100082397e-01 -5.012981891632080078e-01 1.000000000000000000e+00
4.195464402437210083e-02 1.850182712078094482e-01 -5.927717089653015137e-01 1.000000000000000000e+00
-2.347852289676666260e-02 1.829622685909271240e-01 -5.954461693763732910e-01 1.000000000000000000e+00
-9.193769097328186035e-02 1.867423802614212036e-01 -5.874790549278259277e-01 1.000000000000000000e+00
