-7.742606997489929199e-01 -4.090532064437866211e-01 2.989976406097412109e-01 1.000000000000000000e+00
-7.642930150032043457e-01 -1.934097260236740112e-01 3.266203999519348145e-01 1.000000000000000000e+00
-7.431921362876892090e-01 4.719097167253494263e-02 3.403538763523101807e-01 1.000000000000000000e+00
-7.030431628227233887e-01 2.452880889177322388e-01 2.625070214271545410e-01 1.000000000000000000e+00
-6.241920590400695801e-01 4.287052452564239502e-01 1.089920029044151306e-01 1.000000000000000000e+00
-5.074089169502258301e-01 5.808171629905700684e-01 -1.115896776318550110e-01 1.000000000000000000e+00
-3.575655221939086914e-01 6.983870267868041992e-01 -2.767753601074218750e-01 1.000000000000000000e+00
-1.775615811347961426e-01 7.783750295639038086e-01 -4.497645795345306396e-01 1.000000000000000000e+00
3.126227110624313354e-02 8.171420097351074219e-01 -4.688491821289062500e-01 1.000000000000000000e+00
2.112422585487365723e-01 7.842087745666503906e-01 -4.379807710647583008e-01 1.000000000000000000e+00
3.903010785579681396e-01 7.089912295341491699e-01 -2.588369250297546387e-01 1.000000000000000000e+00
5.347778797149658203e-01 5.907474160194396973e-01 -9.365330636501312256e-02 1.000000000000000000e+00
6.437994241714477539e-01 4.362783133983612061e-01 1.257322281599044800e-01 1.000000000000000000e+00
7.136008739471435547e-01 2.499970346689224243e-01 2.786600589752197266e-01 1.000000000000000000e+00
7.591568231582641602e-01 5.843872204422950745e-02 3.483620882034301758e-01 1.000000000000000000e+00
7.842368483543395996e-01 -1.843878030776977539e-01 3.228403031826019287e-01 1.000000000000000000e+00
8.059094548225402832e-01 -4.015537798404693604e-01 2.945569157600402832e-01 1.000000000000000000e+00
-6.299645304679870605e-01 -5.070084333419799805e-01 -2.023182213306427002e-01 1.000000000000000000e+00
-5.355090498924255371e-01 -6.861407756805419922e-01 -3.735605478286743164e-01 1.000000000000000000e+00
-3.782389760017395020e-01 -7.179207205772399902e-01 -5.186786651611328125e-01 1.000000000000000000e+00
-2.135340124368667603e-01 -6.999287605285644531e-01 -5.906342267990112305e-01 1.000000000000000000e+00
-7.376200705766677856e-02 -6.563249230384826660e-01 -6.090936660766601562e-01 1.000000000000000000e+00
1.376281380653381348e-01 -6.536104679107666016e-01 -6.103243827819824219e-01 1.000000000000000000e+00
2.749255001544952393e-01 -6.944590806961059570e-01 -5.956542491912841797e-01 1.000000000000000000e+00
4.366103410720825195e-01 -7.145490646362304688e-01 -5.206785202026367188e-01 1.000000000000000000e+00
5.865321755409240723e-01 -6.855169534683227539e-01 -3.699405193328857422e-01 1.000000000000000000e+00
6.749418377876281738e-01 -5.055399537086486816e-01 -1.986756920814514160e-01 1.000000000000000000e+00
3.378320857882499695e-02 -5.110546946525573730e-01 -6.477915048599243164e-01 1.000000000000000000e+00
3.539764136075973511e-02 -3.839075863361358643e-01 -7.525812983512878418e-01 1.000000000000000000e+00
3.434443473815917969e-02 -2.738091349601745605e-01 -8.449881076812744141e-01 1.000000000000000000e+00
3.416815772652626038e-02 -1.538846492767333984e-01 -9.256607890129089355e-01 1.000000000000000000e+00
-1.127588748931884766e-01 -1.003654859960079193e-02 -6.726228594779968262e-01 1.000000000000000000e+00
-4.415407776832580566e-02 1.145098917186260223e-02 -7.132043838500976562e-01 1.000000000000000000e+00
2.727187238633632660e-02 3.339307010173797607e-02 -7.385148406028747559e-01 1.000000000000000000e+00
9.880886971950531006e-02 1.248041819781064987e-02 -7.162551879882812500e-01 1.000000000000000000e+00
1.662213951349258423e-01 -8.723326958715915680e-03 -6.737580895423889160e-01 1.000000000000000000e+00
-4.623323082923889160e-01 -4.345192313194274902e-01 -3.804970085620880127e-01 1.000000000000000000e+00
-3.657723963260650635e-01 -4.840266108512878418e-01 -4.808076620101928711e-01 1.000000000000000000e+00
-2.618594169616699219e-01 -4.843147993087768555e-01 -4.841713309288024902e-01 1.000000000000000000e+00
-1.635400205850601196e-01 -4.390865564346313477e-01 -4.491618275642395020e-01 1.000000000000000000e+00
-2.559890449047088623e-01 -4.074334800243377686e-01 -4.673624634742736816e-01 1.000000000000000000e+00
-3.581399321556091309e-01 -4.014067351818084717e-01 -4.576131701469421387e-01 1.000000000000000000e+00
2.213904857635498047e-01 -4.387259185314178467e-01 -4.486438930034637451e-01 1.000000000000000000e+00
3.205205798149108887e-01 -4.793898165225982666e-01 -4.844397008419036865e-01 1.000000000000000000e+00
4.242272377014160156e-01 -4.772395193576812744e-01 -4.818413257598876953e-01 1.000000000000000000e+00
5.169104933738708496e-01 -4.305708110332489014e-01 -3.789116144180297852e-01 1.000000000000000000e+00
4.132477939128875732e-01 -3.992927074432373047e-01 -4.556958377361297607e-01 1.000000000000000000e+00
3.120975792407989502e-01 -4.067322611808776855e-01 -4.658759534358978271e-01 1.000000000000000000e+00
-2.258824557065963745e-01 3.062193989753723145e-01 -5.690843462944030762e-01 1.000000000000000000e+00
-1.485968530178070068e-01 2.367385178804397583e-01 -6.689158678054809570e-01 1.000000000000000000e+00
-3.983868658542633057e-02 2.044845819473266602e-01 -7.248108983039855957e-01 1.000000000000000000e+00
2.645276486873626709e-02 2.121835201978683472e-01 -7.317543029785156250e-01 1.000000000000000000e+00
9.482140094041824341e-02 2.043377161026000977e-01 -7.258877754211425781e-01 1.000000000000000000e+00
2.040744423866271973e-01 2.383027672767639160e-01 -6.669986844062805176e-01 1.000000000000000000e+00
2.839534282684326172e-01 3.127542138099670410e-01 -5.612841844558715820e-01 1.000000000000000000e+00
2.154655158519744873e-01 3.528017401695251465e-01 -6.345817446708679199e-01 1.000000000000000000e+00
1.095844656229019165e-01 3.630808293819427490e-01 -6.945207715034484863e-01 1.000000000000000000e+00
3.627889230847358704e-02 3.654302656650543213e-01 -7.017322778701782227e-01 1.000000000000000000e+00
-3.900814056396484375e-02 3.582302629947662354e-01 -6.968715190887451172e-01 1.000000000000000000e+00
-1.496258229017257690e-01 3.438468873500823975e-01 -6.457244157791137695e-01 1.000000000000000000e+00
-2.187290489673614502e-01 3.031193017959594727e-01 -5.639925003051757812e-01 1.000000000000000000e+00
-4.211863130331039429e-02 2.754620015621185303e-01 -6.629864573478698730e-01 1.000000000000000000e+00
2.684099413454532623e-02 2.747663259506225586e-01 -6.691513061523437500e-01 1.000000000000000000e+00
9.611249715089797974e-02 2.772488892078399658e-01 -6.636455655097961426e-01 1.000000000000000000e+00
2.809497714042663574e-01 3.117249011993408203e-01 -5.605513453483581543e-01 1.000000000000000000e+00
1.110740974545478821e-01 2.901059389114379883e-01 -6.663007140159606934e-01 1.000000000000000000e+00
4.006163403391838074e-02 2.852234840393066406e-01 -6.723560690879821777e-01 1.000000000000000000e+00
-3.578372299671173096e-02 2.858380675315856934e-01 -6.693444848060607910e-01 1.000000000000000000e+00
