-7.619338631629943848e-01 -3.154334425926208496e-01 3.226356804370880127e-01 1.000000000000000000e+00
-7.375359535217285156e-01 -1.166909486055374146e-01 3.392229676246643066e-01 1.000000000000000000e+00
-7.083939313888549805e-01 1.051385551691055298e-01 3.405683636665344238e-01 1.000000000000000000e+00
-6.654297709465026855e-01 2.888796925544738770e-01 2.645199000835418701e-01 1.000000000000000000e+00
-5.854002237319946289e-01 4.494967758655548096e-01 1.178473159670829773e-01 1.000000000000000000e+00
-4.711813032627105713e-01 5.693415999412536621e-01 -8.973887562751770020e-02 1.000000000000000000e+00
-3.176333606243133545e-01 6.526681780815124512e-01 -2.355461716651916504e-01 1.000000000000000000e+00
-1.485662907361984253e-01 7.005941867828369141e-01 -3.933372199535369873e-01 1.000000000000000000e+00
3.934125229716300964e-02 7.307149767875671387e-01 -4.118288755416870117e-01 1.000000000000000000e+00
2.011719346046447754e-01 6.936113238334655762e-01 -3.789231479167938232e-01 1.000000000000000000e+00
3.711843490600585938e-01 6.416968703269958496e-01 -2.151411920785903931e-01 1.000000000000000000e+00
5.171228647232055664e-01 5.487287044525146484e-01 -6.454280763864517212e-02 1.000000000000000000e+00
6.198592782020568848e-01 4.211771488189697266e-01 1.471055895090103149e-01 1.000000000000000000e+00
6.821015477180480957e-01 2.532967031002044678e-01 2.952436804771423340e-01 0.000000000000000000e+00
7.150532603263854980e-01 7.093124836683273315e-02 3.659417331218719482e-01 1.000000000000000000e+00
7.364556789398193359e-01 -1.544267535209655762e-01 3.525179624557495117e-01 1.000000000000000000e+00
7.607008218765258789e-01 -3.548937737941741943e-01 3.366172611713409424e-01 1.000000000000000000e+00
-6.247290968894958496e-01 -4.292994737625122070e-01 -1.394465118646621704e-01 1.000000000000000000e+00
-5.330790877342224121e-01 -6.165285706520080566e-01 -2.864606380462646484e-01 1.000000000000000000e+00
-3.852699100971221924e-01 -6.579459905624389648e-01 -4.233088195323944092e-01 1.000000000000000000e+00
-2.253940552473068237e-01 -6.448205113410949707e-01 -4.903660118579864502e-01 1.000000000000000000e+00
-8.832401037216186523e-02 -5.992633700370788574e-01 -5.101542472839355469e-01 1.000000000000000000e+00
1.190029382705688477e-01 -6.029931902885437012e-01 -5.067238807678222656e-01 1.000000000000000000e+00
2.510668635368347168e-01 -6.532619595527648926e-01 -4.859395921230316162e-01 1.000000000000000000e+00
4.058037996292114258e-01 -6.784762740135192871e-01 -4.109321534633636475e-01 1.000000000000000000e+00
5.473740696907043457e-01 -6.470357179641723633e-01 -2.672153413295745850e-01 1.000000000000000000e+00
6.396242976188659668e-01 -4.640941619873046875e-01 -1.193547844886779785e-01 1.000000000000000000e+00
2.035357616841793060e-02 -4.486306607723236084e-01 -5.407371520996093750e-01 1.000000000000000000e+00
2.698596380650997162e-02 -3.264358937740325928e-01 -6.285101175308227539e-01 1.000000000000000000e+00
2.950263395905494690e-02 -2.267611175775527954e-01 -7.073975801467895508e-01 1.000000000000000000e+00
3.298413380980491638e-02 -1.193734854459762573e-01 -7.794039249420166016e-01 1.000000000000000000e+00
-9.392512589693069458e-02 1.176581904292106628e-02 -5.623147487640380859e-01 1.000000000000000000e+00
-3.362582623958587646e-02 2.950086817145347595e-02 -5.954210162162780762e-01 1.000000000000000000e+00
2.987164445221424103e-02 4.555773735046386719e-02 -6.166447401046752930e-01 1.000000000000000000e+00
9.246633946895599365e-02 2.564528211951255798e-02 -5.940694808959960938e-01 1.000000000000000000e+00
1.500359028577804565e-01 3.668533638119697571e-03 -5.572820901870727539e-01 1.000000000000000000e+00
-4.527106583118438721e-01 -3.711579144001007080e-01 -3.113050758838653564e-01 1.000000000000000000e+00
-3.637323677539825439e-01 -4.400599598884582520e-01 -4.049569368362426758e-01 1.000000000000000000e+00
-2.625365257263183594e-01 -4.391144216060638428e-01 -4.107697010040283203e-01 1.000000000000000000e+00
-1.701046675443649292e-01 -3.794563412666320801e-01 -3.793286383152008057e-01 1.000000000000000000e+00
-2.539264559745788574e-01 -3.469607532024383545e-01 -3.947603404521942139e-01 1.000000000000000000e+00
-3.509662449359893799e-01 -3.392055034637451172e-01 -3.860261142253875732e-01 1.000000000000000000e+00
2.027395367622375488e-01 -3.890828490257263184e-01 -3.730867803096771240e-01 1.000000000000000000e+00
2.927577495574951172e-01 -4.522055983543395996e-01 -4.025842845439910889e-01 1.000000000000000000e+00
3.936473429203033447e-01 -4.587879478931427002e-01 -3.946121931076049805e-01 1.000000000000000000e+00
4.817474782466888428e-01 -3.949940502643585205e-01 -2.963758111000061035e-01 1.000000000000000000e+00
3.847124874591827393e-01 -3.582321703433990479e-01 -3.744202852249145508e-01 1.000000000000000000e+00
2.881273031234741211e-01 -3.613936007022857666e-01 -3.869469463825225830e-01 1.000000000000000000e+00
-2.053168118000030518e-01 2.562600374221801758e-01 -4.776521623134613037e-01 1.000000000000000000e+00
-1.320337057113647461e-01 2.015950381755828857e-01 -5.620469450950622559e-01 1.000000000000000000e+00
-3.053157031536102295e-02 1.717538982629776001e-01 -6.074520349502563477e-01 1.000000000000000000e+00
3.133130073547363281e-02 1.760721355676651001e-01 -6.121776103973388672e-01 1.000000000000000000e+00
9.395185858011245728e-02 1.670441478490829468e-01 -6.052706837654113770e-01 1.000000000000000000e+00
1.925555169582366943e-01 1.922363936901092529e-01 -5.566949844360351562e-01 1.000000000000000000e+00
2.575688064098358154e-01 2.497403025627136230e-01 -4.717523753643035889e-01 1.000000000000000000e+00
1.881597489118576050e-01 2.767122983932495117e-01 -5.394115447998046875e-01 1.000000000000000000e+00
9.146874397993087769e-02 2.861209213733673096e-01 -5.951289534568786621e-01 1.000000000000000000e+00
2.608812414109706879e-02 2.899221181869506836e-01 -6.030622124671936035e-01 1.000000000000000000e+00
-4.099071025848388672e-02 2.857663035392761230e-01 -5.980802178382873535e-01 1.000000000000000000e+00
-1.398068964481353760e-01 2.775267660617828369e-01 -5.481376647949218750e-01 1.000000000000000000e+00
-1.995761990547180176e-01 2.524998784065246582e-01 -4.737272858619689941e-01 1.000000000000000000e+00
-3.102942928671836853e-02 2.325527071952819824e-01 -5.611165761947631836e-01 1.000000000000000000e+00
3.095762990415096283e-02 2.296087741851806641e-01 -5.628805756568908691e-01 1.000000000000000000e+00
9.352151304483413696e-02 2.291429787874221802e-01 -5.592928528785705566e-01 1.000000000000000000e+00
2.549052536487579346e-01 2.487736940383911133e-01 -4.711681604385375977e-01 1.000000000000000000e+00
9.167455136775970459e-02 2.196867167949676514e-01 -5.752708911895751953e-01 1.000000000000000000e+00
2.635336294770240784e-02 2.176477462053298950e-01 -5.818077325820922852e-01 1.000000000000000000e+00
-4.042001813650131226e-02 2.194703370332717896e-01 -5.767090916633605957e-01 1.000000000000000000e+00
