-7.342637181282043457e-01 -3.422622978687286377e-01 3.695963621139526367e-01 1.000000000000000000e+00
-7.182417511940002441e-01 -1.394551694393157959e-01 3.852779567241668701e-01 1.000000000000000000e+00
-6.818931698799133301e-01 8.696322143077850342e-02 3.892429172992706299e-01 1.000000000000000000e+00
-6.409184932708740234e-01 2.776631116867065430e-01 3.111349642276763916e-01 0.000000000000000000e+00
-5.782126784324645996e-01 4.485785663127899170e-01 1.562924236059188843e-01 1.000000000000000000e+00
-4.966041445732116699e-01 5.836158990859985352e-01 -6.576192378997802734e-02 1.000000000000000000e+00
-3.584596216678619385e-01 6.711395382881164551e-01 -2.364489734172821045e-01 1.000000000000000000e+00
-1.929992884397506714e-01 7.203056812286376953e-01 -4.178077578544616699e-01 1.000000000000000000e+00
-3.103026887401938438e-03 7.463468909263610840e-01 -4.529118239879608154e-01 1.000000000000000000e+00
1.605961620807647705e-01 7.074788808822631836e-01 -4.335344433784484863e-01 1.000000000000000000e+00
3.383063673973083496e-01 6.560240387916564941e-01 -2.758130431175231934e-01 1.000000000000000000e+00
4.779232740402221680e-01 5.577175021171569824e-01 -1.265774667263031006e-01 1.000000000000000000e+00
5.719836354255676270e-01 4.183860719203948975e-01 8.034104853868484497e-02 1.000000000000000000e+00
6.404296159744262695e-01 2.450608015060424805e-01 2.233705669641494751e-01 1.000000000000000000e+00
6.901038885116577148e-01 5.955068394541740417e-02 2.884611189365386963e-01 1.000000000000000000e+00
7.158985137939453125e-01 -1.687215119600296021e-01 2.711781561374664307e-01 1.000000000000000000e+00
7.263668775558471680e-01 -3.714785277843475342e-01 2.593319118022918701e-01 1.000000000000000000e+00
-6.349443197250366211e-01 -4.597486555576324463e-01 -9.955324977636337280e-02 1.000000000000000000e+00
-5.687077045440673828e-01 -6.579906940460205078e-01 -2.601031363010406494e-01 1.000000000000000000e+00
-4.418381750583648682e-01 -7.024822831153869629e-01 -4.129624962806701660e-01 1.000000000000000000e+00
-2.921903431415557861e-01 -6.855855584144592285e-01 -5.000277161598205566e-01 1.000000000000000000e+00
-1.584127843379974365e-01 -6.340465545654296875e-01 -5.308253765106201172e-01 1.000000000000000000e+00
4.398811236023902893e-02 -6.346247196197509766e-01 -5.476595759391784668e-01 1.000000000000000000e+00
1.779175102710723877e-01 -6.883867383003234863e-01 -5.409490466117858887e-01 1.000000000000000000e+00
3.366902470588684082e-01 -7.118952870368957520e-01 -4.734768569469451904e-01 1.000000000000000000e+00
4.801395237445831299e-01 -6.734495759010314941e-01 -3.355334699153900146e-01 1.000000000000000000e+00
5.694106817245483398e-01 -4.813467860221862793e-01 -1.860069930553436279e-01 1.000000000000000000e+00
-5.415244400501251221e-02 -4.700178503990173340e-01 -5.701730847358703613e-01 1.000000000000000000e+00
-5.770758911967277527e-02 -3.355808556079864502e-01 -6.707904338836669922e-01 1.000000000000000000e+00
-6.247430667281150818e-02 -2.214543968439102173e-01 -7.543680071830749512e-01 1.000000000000000000e+00
-6.412391364574432373e-02 -1.013175472617149353e-01 -8.340872526168823242e-01 1.000000000000000000e+00
-1.634686291217803955e-01 3.703199699521064758e-02 -5.710541605949401855e-01 1.000000000000000000e+00
-1.115666553378105164e-01 5.531038716435432434e-02 -6.092448830604553223e-01 1.000000000000000000e+00
-5.514577403664588928e-02 7.492852210998535156e-02 -6.354565620422363281e-01 1.000000000000000000e+00
3.819716628640890121e-03 5.364762246608734131e-02 -6.198384165763854980e-01 1.000000000000000000e+00
5.818524211645126343e-02 3.352915868163108826e-02 -5.876656770706176758e-01 1.000000000000000000e+00
-4.893728494644165039e-01 -3.963891863822937012e-01 -2.786954045295715332e-01 1.000000000000000000e+00
-4.084214568138122559e-01 -4.701284468173980713e-01 -3.805776834487915039e-01 1.000000000000000000e+00
-3.060378432273864746e-01 -4.668463468551635742e-01 -3.943584561347961426e-01 1.000000000000000000e+00
-2.109085470438003540e-01 -3.991965651512145996e-01 -3.683196902275085449e-01 1.000000000000000000e+00
-2.967340350151062012e-01 -3.639966547489166260e-01 -3.786379396915435791e-01 1.000000000000000000e+00
-3.942334353923797607e-01 -3.574162721633911133e-01 -3.614046573638916016e-01 1.000000000000000000e+00
1.192499324679374695e-01 -4.052074849605560303e-01 -3.988928496837615967e-01 1.000000000000000000e+00
2.079136520624160767e-01 -4.735782444477081299e-01 -4.384117722511291504e-01 1.000000000000000000e+00
3.112995028495788574e-01 -4.808776974678039551e-01 -4.393146336078643799e-01 1.000000000000000000e+00
4.071283638477325439e-01 -4.107475876808166504e-01 -3.474381864070892334e-01 1.000000000000000000e+00
3.020244538784027100e-01 -3.689990937709808350e-01 -4.173490703105926514e-01 1.000000000000000000e+00
2.031384110450744629e-01 -3.732195496559143066e-01 -4.215490520000457764e-01 1.000000000000000000e+00
-2.683487236499786377e-01 2.937977313995361328e-01 -4.134083986282348633e-01 1.000000000000000000e+00
-2.039525508880615234e-01 2.487517744302749634e-01 -5.211964249610900879e-01 1.000000000000000000e+00
-1.098722741007804871e-01 2.258651703596115112e-01 -5.856032967567443848e-01 1.000000000000000000e+00
-4.863048344850540161e-02 2.316927313804626465e-01 -5.977913737297058105e-01 1.000000000000000000e+00
1.467655599117279053e-02 2.239146083593368530e-01 -5.971340537071228027e-01 1.000000000000000000e+00
1.193673834204673767e-01 2.440227568149566650e-01 -5.439809560775756836e-01 1.000000000000000000e+00
2.117642611265182495e-01 2.842779755592346191e-01 -4.441474676132202148e-01 1.000000000000000000e+00
1.387311369180679321e-01 3.200569748878479004e-01 -5.172693729400634766e-01 1.000000000000000000e+00
3.809414058923721313e-02 3.368951380252838135e-01 -5.699427723884582520e-01 1.000000000000000000e+00
-2.781401947140693665e-02 3.402468562126159668e-01 -5.732696652412414551e-01 1.000000000000000000e+00
-9.398785978555679321e-02 3.380964398384094238e-01 -5.609171390533447266e-01 1.000000000000000000e+00
-1.926617175340652466e-01 3.256536424160003662e-01 -4.979604780673980713e-01 1.000000000000000000e+00
-2.638577222824096680e-01 2.926039099693298340e-01 -4.112765789031982422e-01 1.000000000000000000e+00
-1.065011471509933472e-01 2.855891883373260498e-01 -5.249805450439453125e-01 1.000000000000000000e+00
-4.262460395693778992e-02 2.843464612960815430e-01 -5.353810787200927734e-01 1.000000000000000000e+00
2.220373414456844330e-02 2.854345440864562988e-01 -5.347050428390502930e-01 1.000000000000000000e+00
2.100998312234878540e-01 2.838112115859985352e-01 -4.439738094806671143e-01 1.000000000000000000e+00
4.183407872915267944e-02 2.760836482048034668e-01 -5.427064895629882812e-01 1.000000000000000000e+00
-2.658130787312984467e-02 2.767311334609985352e-01 -5.492521524429321289e-01 1.000000000000000000e+00
-9.561462700366973877e-02 2.785461843013763428e-01 -5.340017080307006836e-01 1.000000000000000000e+00
