-6.919077038764953613e-01 -3.359294831752777100e-01 -2.899949438869953156e-02 1.000000000000000000e+00
-6.416655778884887695e-01 -1.581413000822067261e-01 3.897153958678245544e-02 1.000000000000000000e+00
-5.741431713104248047e-01 4.220397397875785828e-02 9.874529391527175903e-02 1.000000000000000000e+00
-4.965028464794158936e-01 2.215952426195144653e-01 6.497903913259506226e-02 0.000000000000000000e+00
-3.945778906345367432e-01 3.986627459526062012e-01 -4.549191519618034363e-02 1.000000000000000000e+00
-2.615177333354949951e-01 5.457075834274291992e-01 -2.289907634258270264e-01 1.000000000000000000e+00
-1.040150895714759827e-01 6.472234129905700684e-01 -3.734946846961975098e-01 1.000000000000000000e+00
7.545801997184753418e-02 7.139951586723327637e-01 -5.332037806510925293e-01 1.000000000000000000e+00
2.705154120922088623e-01 7.042509913444519043e-01 -5.563917160034179688e-01 1.000000000000000000e+00
4.267410635948181152e-01 6.383112072944641113e-01 -5.423341393470764160e-01 1.000000000000000000e+00
5.717529058456420898e-01 5.046460032463073730e-01 -3.961620330810546875e-01 1.000000000000000000e+00
6.800361871719360352e-01 3.472831845283508301e-01 -2.684240639209747314e-01 1.000000000000000000e+00
7.476136684417724609e-01 1.541761755943298340e-01 -1.032193824648857117e-01 1.000000000000000000e+00
7.717630863189697266e-01 -5.135695636272430420e-02 -4.410647321492433548e-03 0.000000000000000000e+00
7.817626595497131348e-01 -2.426875084638595581e-01 2.021853066980838776e-02 1.000000000000000000e+00
7.563838362693786621e-01 -4.513573348522186279e-01 -5.190313234925270081e-02 1.000000000000000000e+00
7.335749864578247070e-01 -6.360982060432434082e-01 -1.214423850178718567e-01 1.000000000000000000e+00
-5.854316949844360352e-01 -3.371013402938842773e-01 -5.019640922546386719e-01 1.000000000000000000e+00
-5.334991812705993652e-01 -4.636047482490539551e-01 -6.923671960830688477e-01 1.000000000000000000e+00
-3.999968469142913818e-01 -4.973457455635070801e-01 -8.302858471870422363e-01 1.000000000000000000e+00
-2.471071928739547729e-01 -4.983826577663421631e-01 -8.939635753631591797e-01 1.000000000000000000e+00
-1.164359971880912781e-01 -4.853637814521789551e-01 -9.138467907905578613e-01 1.000000000000000000e+00
7.022227346897125244e-02 -5.265865325927734375e-01 -9.285429120063781738e-01 1.000000000000000000e+00
1.846282035112380981e-01 -5.934818983078002930e-01 -9.257900714874267578e-01 1.000000000000000000e+00
3.285538256168365479e-01 -6.518583893775939941e-01 -8.786981105804443359e-01 1.000000000000000000e+00
4.719904363155364990e-01 -6.775169372558593750e-01 -7.552883028984069824e-01 1.000000000000000000e+00
5.903275012969970703e-01 -5.876708030700683594e-01 -5.756529569625854492e-01 1.000000000000000000e+00
1.335742417722940445e-03 -3.803317546844482422e-01 -9.455649256706237793e-01 1.000000000000000000e+00
2.470955252647399902e-02 -2.502547502517700195e-01 -1.014698982238769531e+00 1.000000000000000000e+00
4.231560230255126953e-02 -1.349194645881652832e-01 -1.075932383537292480e+00 1.000000000000000000e+00
6.379657238721847534e-02 -1.406029891222715378e-02 -1.120860576629638672e+00 1.000000000000000000e+00
-4.603520035743713379e-02 7.317078113555908203e-02 -8.525707721710205078e-01 1.000000000000000000e+00
2.410792000591754913e-02 9.308402240276336670e-02 -8.872551918029785156e-01 1.000000000000000000e+00
9.720752388238906860e-02 1.057772338390350342e-01 -9.068337678909301758e-01 1.000000000000000000e+00
1.620522290468215942e-01 6.630538403987884521e-02 -8.985112309455871582e-01 1.000000000000000000e+00
2.223572582006454468e-01 2.125308103859424591e-02 -8.714101910591125488e-01 1.000000000000000000e+00
-4.241026937961578369e-01 -2.781342267990112305e-01 -6.566250920295715332e-01 1.000000000000000000e+00
-3.455001115798950195e-01 -3.096305131912231445e-01 -7.575494050979614258e-01 1.000000000000000000e+00
-2.558887600898742676e-01 -3.286630213260650635e-01 -7.671900987625122070e-01 1.000000000000000000e+00
-1.615994870662689209e-01 -3.230829536914825439e-01 -7.375895380973815918e-01 1.000000000000000000e+00
-2.388862371444702148e-01 -2.754539549350738525e-01 -7.431428432464599609e-01 1.000000000000000000e+00
-3.298003077507019043e-01 -2.529034614562988281e-01 -7.278121113777160645e-01 1.000000000000000000e+00
1.904749125242233276e-01 -3.971081078052520752e-01 -7.597377300262451172e-01 1.000000000000000000e+00
2.682528197765350342e-01 -4.437780380249023438e-01 -8.040493726730346680e-01 1.000000000000000000e+00
3.604117631912231445e-01 -4.642122983932495117e-01 -8.046898245811462402e-01 1.000000000000000000e+00
4.550525248050689697e-01 -4.647158086299896240e-01 -7.103289365768432617e-01 1.000000000000000000e+00
3.694848418235778809e-01 -3.992820680141448975e-01 -7.686288356781005859e-01 1.000000000000000000e+00
2.765302956104278564e-01 -3.834538459777832031e-01 -7.728769779205322266e-01 1.000000000000000000e+00
-9.886403381824493408e-02 2.900319993495941162e-01 -6.554843783378601074e-01 1.000000000000000000e+00
-3.601164743304252625e-02 2.699546813964843750e-01 -7.632296085357666016e-01 1.000000000000000000e+00
6.453002244234085083e-02 2.510915994644165039e-01 -8.342028856277465820e-01 1.000000000000000000e+00
1.324565112590789795e-01 2.475565671920776367e-01 -8.447535037994384766e-01 1.000000000000000000e+00
1.986346840858459473e-01 2.246337383985519409e-01 -8.451281189918518066e-01 1.000000000000000000e+00
3.084344267845153809e-01 2.015768140554428101e-01 -7.857501506805419922e-01 1.000000000000000000e+00
4.006863534450531006e-01 1.894801557064056396e-01 -6.755878329277038574e-01 1.000000000000000000e+00
3.455248475074768066e-01 2.721238434314727783e-01 -7.423461079597473145e-01 1.000000000000000000e+00
2.473402768373489380e-01 3.264737725257873535e-01 -8.008633255958557129e-01 1.000000000000000000e+00
1.765924543142318726e-01 3.448201119899749756e-01 -8.045003414154052734e-01 1.000000000000000000e+00
1.041026860475540161e-01 3.538320064544677734e-01 -7.957739233970642090e-01 1.000000000000000000e+00
-9.712222963571548462e-03 3.420922458171844482e-01 -7.336809039115905762e-01 1.000000000000000000e+00
-9.351495653390884399e-02 2.874983251094818115e-01 -6.534139513969421387e-01 1.000000000000000000e+00
7.479684054851531982e-02 2.925914824008941650e-01 -7.604907751083374023e-01 0.000000000000000000e+00
1.439648121595382690e-01 2.782452106475830078e-01 -7.689363360404968262e-01 0.000000000000000000e+00
2.144490629434585571e-01 2.660927474498748779e-01 -7.710047364234924316e-01 0.000000000000000000e+00
3.986274302005767822e-01 1.894838064908981323e-01 -6.757314205169677734e-01 1.000000000000000000e+00
2.351500689983367920e-01 2.514382600784301758e-01 -7.804334759712219238e-01 1.000000000000000000e+00
1.645437628030776978e-01 2.674164772033691406e-01 -7.907567620277404785e-01 1.000000000000000000e+00
8.877475559711456299e-02 2.803540825843811035e-01 -7.759227156639099121e-01 1.000000000000000000e+00
