-8.569713234901428223e-01 -4.238050282001495361e-01 -8.659784495830535889e-02 1.000000000000000000e+00
-8.472232818603515625e-01 -1.932108551263809204e-01 -1.947988569736480713e-02 1.000000000000000000e+00
-8.125832080841064453e-01 6.352869421243667603e-02 4.658985137939453125e-02 1.000000000000000000e+00
-7.308775782585144043e-01 2.855939567089080811e-01 5.564055405557155609e-03 1.000000000000000000e+00
-6.095237731933593750e-01 5.012872219085693359e-01 -1.192907467484474182e-01 1.000000000000000000e+00
-4.349701702594757080e-01 6.781780719757080078e-01 -3.174659609794616699e-01 1.000000000000000000e+00
-2.291979938745498657e-01 7.909098267555236816e-01 -4.623318314552307129e-01 1.000000000000000000e+00
1.068772003054618835e-02 8.745245337486267090e-01 -6.237646937370300293e-01 1.000000000000000000e+00
2.372502237558364868e-01 8.903393149375915527e-01 -6.091644167900085449e-01 1.000000000000000000e+00
4.136037528514862061e-01 8.401975631713867188e-01 -5.533154010772705078e-01 1.000000000000000000e+00
5.451802015304565430e-01 7.365282177925109863e-01 -3.242501616477966309e-01 1.000000000000000000e+00
6.491600275039672852e-01 6.125319600105285645e-01 -1.253237873315811157e-01 0.000000000000000000e+00
7.033367156982421875e-01 4.367342293262481689e-01 1.157988980412483215e-01 0.000000000000000000e+00
7.411683201789855957e-01 2.236226648092269897e-01 2.722106873989105225e-01 0.000000000000000000e+00
7.932732105255126953e-01 1.427976507693529129e-02 3.344012200832366943e-01 1.000000000000000000e+00
8.341582417488098145e-01 -2.380456626415252686e-01 2.778142690658569336e-01 1.000000000000000000e+00
8.721597194671630859e-01 -4.668892323970794678e-01 2.265368103981018066e-01 1.000000000000000000e+00
-5.999084711074829102e-01 -4.479607939720153809e-01 -6.225925683975219727e-01 1.000000000000000000e+00
-4.619269669055938721e-01 -6.180559396743774414e-01 -8.198739886283874512e-01 1.000000000000000000e+00
-2.596982717514038086e-01 -6.333531141281127930e-01 -9.486414790153503418e-01 1.000000000000000000e+00
-6.093899160623550415e-02 -5.998142361640930176e-01 -9.876688122749328613e-01 1.000000000000000000e+00
9.784281998872756958e-02 -5.483676791191101074e-01 -9.783862233161926270e-01 1.000000000000000000e+00
3.320015668869018555e-01 -5.513558983802795410e-01 -9.370103478431701660e-01 1.000000000000000000e+00
4.811701178550720215e-01 -6.052745580673217773e-01 -8.928022980690002441e-01 1.000000000000000000e+00
6.476961374282836914e-01 -6.477094292640686035e-01 -7.819671630859375000e-01 1.000000000000000000e+00
7.778924107551574707e-01 -6.424342393875122070e-01 -5.848436951637268066e-01 1.000000000000000000e+00
8.321372270584106445e-01 -4.808118343353271484e-01 -3.528733551502227783e-01 1.000000000000000000e+00
2.238022238016128540e-01 -3.930633068084716797e-01 -9.887278676033020020e-01 1.000000000000000000e+00
2.448546141386032104e-01 -2.413549125194549561e-01 -1.073544263839721680e+00 1.000000000000000000e+00
2.600568830966949463e-01 -1.066604182124137878e-01 -1.147793650627136230e+00 1.000000000000000000e+00
2.744496166706085205e-01 3.869613260030746460e-02 -1.207562208175659180e+00 1.000000000000000000e+00
5.237767845392227173e-02 1.195531934499740601e-01 -9.364886879920959473e-01 1.000000000000000000e+00
1.377297341823577881e-01 1.602168530225753784e-01 -9.577822089195251465e-01 1.000000000000000000e+00
2.229841649532318115e-01 1.893961429595947266e-01 -9.607586264610290527e-01 1.000000000000000000e+00
3.008859455585479736e-01 1.569069176912307739e-01 -9.289289116859436035e-01 1.000000000000000000e+00
3.701976835727691650e-01 1.139644831418991089e-01 -8.767048120498657227e-01 0.000000000000000000e+00
-3.847452700138092041e-01 -3.443481624126434326e-01 -7.851545810699462891e-01 1.000000000000000000e+00
-2.577191293239593506e-01 -3.807840049266815186e-01 -8.822442293167114258e-01 1.000000000000000000e+00
-1.452216506004333496e-01 -3.817558884620666504e-01 -8.651501536369323730e-01 1.000000000000000000e+00
-4.740339145064353943e-02 -3.410294055938720703e-01 -8.004437088966369629e-01 1.000000000000000000e+00
-1.430879235267639160e-01 -3.036208152770996094e-01 -8.330429792404174805e-01 1.000000000000000000e+00
-2.590361535549163818e-01 -2.966006398200988770e-01 -8.442228436470031738e-01 1.000000000000000000e+00
3.995088636875152588e-01 -3.488363921642303467e-01 -7.207643985748291016e-01 1.000000000000000000e+00
5.151630043983459473e-01 -3.871375620365142822e-01 -7.458261847496032715e-01 1.000000000000000000e+00
6.267397999763488770e-01 -3.892769813537597656e-01 -7.202113866806030273e-01 1.000000000000000000e+00
7.069023847579956055e-01 -3.623034954071044922e-01 -5.812957286834716797e-01 1.000000000000000000e+00
6.117122173309326172e-01 -3.129373192787170410e-01 -6.821542978286743164e-01 1.000000000000000000e+00
5.000144243240356445e-01 -3.163536489009857178e-01 -7.154161930084228516e-01 1.000000000000000000e+00
-9.831287711858749390e-02 3.782536089420318604e-01 -7.742145061492919922e-01 1.000000000000000000e+00
-1.801936421543359756e-03 3.446368873119354248e-01 -8.721461892127990723e-01 1.000000000000000000e+00
1.368623375892639160e-01 3.350154459476470947e-01 -9.150782823562622070e-01 1.000000000000000000e+00
2.174603790044784546e-01 3.452113270759582520e-01 -9.063658714294433594e-01 1.000000000000000000e+00
2.971448600292205811e-01 3.308263421058654785e-01 -8.867504000663757324e-01 1.000000000000000000e+00
4.093154966831207275e-01 3.319157361984252930e-01 -7.967567443847656250e-01 1.000000000000000000e+00
4.783375263214111328e-01 3.425634503364562988e-01 -6.678703427314758301e-01 1.000000000000000000e+00
4.244641959667205811e-01 3.995867371559143066e-01 -7.749598026275634766e-01 1.000000000000000000e+00
3.181309401988983154e-01 4.371004700660705566e-01 -8.666428327560424805e-01 1.000000000000000000e+00
2.366264909505844116e-01 4.486884176731109619e-01 -8.853668570518493652e-01 1.000000000000000000e+00
1.519390046596527100e-01 4.493342638015747070e-01 -8.920381069183349609e-01 1.000000000000000000e+00
1.126624271273612976e-02 4.290007054805755615e-01 -8.480286002159118652e-01 1.000000000000000000e+00
-9.168676286935806274e-02 3.753385841846466064e-01 -7.696714997291564941e-01 1.000000000000000000e+00
1.227212026715278625e-01 3.927005231380462646e-01 -8.385881781578063965e-01 0.000000000000000000e+00
2.030902802944183350e-01 3.896104693412780762e-01 -8.248093128204345703e-01 1.000000000000000000e+00
2.840934395790100098e-01 3.886637091636657715e-01 -8.114933967590332031e-01 0.000000000000000000e+00
4.756033420562744141e-01 3.423306643962860107e-01 -6.679688096046447754e-01 1.000000000000000000e+00
3.076480925083160400e-01 3.462750911712646484e-01 -8.419175148010253906e-01 1.000000000000000000e+00
2.274814397096633911e-01 3.533450961112976074e-01 -8.690769076347351074e-01 1.000000000000000000e+00
1.378747522830963135e-01 3.612071275711059570e-01 -8.704890012741088867e-01 1.000000000000000000e+00
