-7.173022627830505371e-01 -4.528390765190124512e-01 1.534231454133987427e-01 1.000000000000000000e+00
-6.977283358573913574e-01 -2.543488144874572754e-01 1.968248635530471802e-01 1.000000000000000000e+00
-6.602319478988647461e-01 -3.160401433706283569e-02 2.298872768878936768e-01 1.000000000000000000e+00
-6.104261279106140137e-01 1.565341502428054810e-01 1.732567697763442993e-01 0.000000000000000000e+00
-5.367025136947631836e-01 3.386576771736145020e-01 4.463475942611694336e-02 1.000000000000000000e+00
-4.339058399200439453e-01 4.973539710044860840e-01 -1.513962149620056152e-01 1.000000000000000000e+00
-2.965215146541595459e-01 6.208319067955017090e-01 -3.023143410682678223e-01 1.000000000000000000e+00
-1.268863826990127563e-01 7.047028541564941406e-01 -4.639609456062316895e-01 1.000000000000000000e+00
7.137264311313629150e-02 7.282083630561828613e-01 -4.897682964801788330e-01 1.000000000000000000e+00
2.393097281455993652e-01 6.834860444068908691e-01 -4.715559184551239014e-01 1.000000000000000000e+00
4.087215960025787354e-01 5.848278403282165527e-01 -3.174688816070556641e-01 1.000000000000000000e+00
5.352095365524291992e-01 4.484223723411560059e-01 -1.749969273805618286e-01 1.000000000000000000e+00
6.252925395965576172e-01 2.790746986865997314e-01 1.396756526082754135e-02 1.000000000000000000e+00
6.809684634208679199e-01 8.914084732532501221e-02 1.398331075906753540e-01 0.000000000000000000e+00
7.259237766265869141e-01 -9.470504522323608398e-02 1.908863335847854614e-01 1.000000000000000000e+00
7.421667575836181641e-01 -3.194778561592102051e-01 1.491299122571945190e-01 1.000000000000000000e+00
7.499331235885620117e-01 -5.193558335304260254e-01 1.071565747261047363e-01 1.000000000000000000e+00
-5.872535705566406250e-01 -5.149527788162231445e-01 -3.173393309116363525e-01 1.000000000000000000e+00
-5.202959179878234863e-01 -6.724357604980468750e-01 -4.974043071269989014e-01 1.000000000000000000e+00
-3.816841244697570801e-01 -7.030608654022216797e-01 -6.417909860610961914e-01 1.000000000000000000e+00
-2.264039218425750732e-01 -6.865728497505187988e-01 -7.096576690673828125e-01 1.000000000000000000e+00
-9.371899813413619995e-02 -6.486653089523315430e-01 -7.308977842330932617e-01 1.000000000000000000e+00
9.905532002449035645e-02 -6.558252573013305664e-01 -7.393345832824707031e-01 1.000000000000000000e+00
2.267818599939346313e-01 -7.027261257171630859e-01 -7.284219264984130859e-01 1.000000000000000000e+00
3.797570466995239258e-01 -7.336137890815734863e-01 -6.668605804443359375e-01 1.000000000000000000e+00
5.193895101547241211e-01 -7.180290818214416504e-01 -5.246559977531433105e-01 1.000000000000000000e+00
6.043639183044433594e-01 -5.704967975616455078e-01 -3.484599888324737549e-01 1.000000000000000000e+00
9.622950106859207153e-03 -5.246841311454772949e-01 -7.730956673622131348e-01 1.000000000000000000e+00
1.357731316238641739e-02 -3.977281451225280762e-01 -8.598788976669311523e-01 1.000000000000000000e+00
1.501557417213916779e-02 -2.778352200984954834e-01 -9.333041310310363770e-01 1.000000000000000000e+00
1.892466284334659576e-02 -1.508258581161499023e-01 -9.980947971343994141e-01 1.000000000000000000e+00
-1.030467823147773743e-01 -4.993217810988426208e-02 -7.254496216773986816e-01 1.000000000000000000e+00
-4.126719757914543152e-02 -2.184972539544105530e-02 -7.642834782600402832e-01 1.000000000000000000e+00
2.326075732707977295e-02 -1.888115657493472099e-04 -7.866731286048889160e-01 1.000000000000000000e+00
8.719994127750396729e-02 -2.711990103125572205e-02 -7.703206539154052734e-01 1.000000000000000000e+00
1.473585516214370728e-01 -5.986315011978149414e-02 -7.332091927528381348e-01 1.000000000000000000e+00
-4.305934906005859375e-01 -4.561013877391815186e-01 -4.748020470142364502e-01 1.000000000000000000e+00
-3.460589051246643066e-01 -5.075231790542602539e-01 -5.718511343002319336e-01 1.000000000000000000e+00
-2.485524117946624756e-01 -5.099685788154602051e-01 -5.796592831611633301e-01 1.000000000000000000e+00
-1.543861478567123413e-01 -4.663583636283874512e-01 -5.488395690917968750e-01 1.000000000000000000e+00
-2.393687963485717773e-01 -4.285235404968261719e-01 -5.617169737815856934e-01 1.000000000000000000e+00
-3.341026604175567627e-01 -4.195209145545959473e-01 -5.495832562446594238e-01 1.000000000000000000e+00
1.774554699659347534e-01 -4.803557991981506348e-01 -5.599492192268371582e-01 1.000000000000000000e+00
2.649616003036499023e-01 -5.324447751045227051e-01 -5.974017977714538574e-01 1.000000000000000000e+00
3.638674020767211914e-01 -5.388342738151550293e-01 -5.944962501525878906e-01 1.000000000000000000e+00
4.544760584831237793e-01 -4.938921332359313965e-01 -4.979810118675231934e-01 1.000000000000000000e+00
3.573745787143707275e-01 -4.481557309627532959e-01 -5.681765079498291016e-01 1.000000000000000000e+00
2.622829973697662354e-01 -4.493327438831329346e-01 -5.759082436561584473e-01 1.000000000000000000e+00
-2.255657762289047241e-01 2.256432324647903442e-01 -5.423463582992553711e-01 1.000000000000000000e+00
-1.450905650854110718e-01 1.686579287052154541e-01 -6.570985913276672363e-01 1.000000000000000000e+00
-3.621292859315872192e-02 1.496616005897521973e-01 -7.262743115425109863e-01 1.000000000000000000e+00
3.046406060457229614e-02 1.553037464618682861e-01 -7.346292734146118164e-01 1.000000000000000000e+00
9.799900650978088379e-02 1.445967555046081543e-01 -7.317566275596618652e-01 1.000000000000000000e+00
2.095576226711273193e-01 1.556241959333419800e-01 -6.689764261245727539e-01 1.000000000000000000e+00
2.967599332332611084e-01 2.047273367643356323e-01 -5.579517483711242676e-01 1.000000000000000000e+00
2.174148559570312500e-01 2.688200771808624268e-01 -6.322709918022155762e-01 1.000000000000000000e+00
1.081320270895957947e-01 2.935342192649841309e-01 -6.922704577445983887e-01 1.000000000000000000e+00
3.529232367873191833e-02 3.004252612590789795e-01 -6.978780031204223633e-01 1.000000000000000000e+00
-3.739143908023834229e-02 2.987072765827178955e-01 -6.865959167480468750e-01 1.000000000000000000e+00
-1.474410742521286011e-01 2.838669717311859131e-01 -6.212566494941711426e-01 1.000000000000000000e+00
-2.196800112724304199e-01 2.233103215694427490e-01 -5.381110906600952148e-01 1.000000000000000000e+00
-3.558628261089324951e-02 2.015939205884933472e-01 -6.557191610336303711e-01 1.000000000000000000e+00
3.451538085937500000e-02 1.970962136983871460e-01 -6.626691222190856934e-01 1.000000000000000000e+00
1.055619791150093079e-01 1.975741684436798096e-01 -6.627401113510131836e-01 1.000000000000000000e+00
2.944925725460052490e-01 2.038247585296630859e-01 -5.574384927749633789e-01 1.000000000000000000e+00
1.078227385878562927e-01 2.243376821279525757e-01 -6.624248027801513672e-01 1.000000000000000000e+00
3.516546264290809631e-02 2.257089018821716309e-01 -6.702976822853088379e-01 1.000000000000000000e+00
-4.144003987312316895e-02 2.299470603466033936e-01 -6.569457650184631348e-01 1.000000000000000000e+00
