-7.501142621040344238e-01 -5.815156698226928711e-01 -1.001131013035774231e-01 1.000000000000000000e+00
-7.368844151496887207e-01 -3.849041163921356201e-01 -2.809238992631435394e-02 1.000000000000000000e+00
-7.034310102462768555e-01 -1.632811874151229858e-01 4.100350663065910339e-02 1.000000000000000000e+00
-6.470907330513000488e-01 4.128916561603546143e-02 1.263266522437334061e-02 0.000000000000000000e+00
-5.792792439460754395e-01 2.504236102104187012e-01 -9.135834872722625732e-02 1.000000000000000000e+00
-4.704577028751373291e-01 4.320068359375000000e-01 -2.669529914855957031e-01 1.000000000000000000e+00
-3.321028649806976318e-01 5.717473626136779785e-01 -4.018454551696777344e-01 1.000000000000000000e+00
-1.618272811174392700e-01 6.886222362518310547e-01 -5.590091943740844727e-01 1.000000000000000000e+00
3.535482287406921387e-02 7.252250313758850098e-01 -5.728636384010314941e-01 1.000000000000000000e+00
2.063987553119659424e-01 6.911181807518005371e-01 -5.513626933097839355e-01 1.000000000000000000e+00
3.698875606060028076e-01 5.754711031913757324e-01 -3.877988755702972412e-01 1.000000000000000000e+00
5.033855438232421875e-01 4.371863901615142822e-01 -2.517354190349578857e-01 1.000000000000000000e+00
6.007412075996398926e-01 2.542247474193572998e-01 -7.721670717000961304e-02 0.000000000000000000e+00
6.650407910346984863e-01 4.524921998381614685e-02 2.645635232329368591e-02 0.000000000000000000e+00
7.320784330368041992e-01 -1.513520330190658569e-01 5.456596612930297852e-02 1.000000000000000000e+00
7.698213458061218262e-01 -3.732896149158477783e-01 -1.902839913964271545e-02 1.000000000000000000e+00
8.007771968841552734e-01 -5.714108943939208984e-01 -8.526351302862167358e-02 1.000000000000000000e+00
-6.035357117652893066e-01 -5.623978376388549805e-01 -5.995916128158569336e-01 1.000000000000000000e+00
-5.123845934867858887e-01 -6.933076381683349609e-01 -8.017321825027465820e-01 1.000000000000000000e+00
-3.574569523334503174e-01 -7.026867866516113281e-01 -9.430883526802062988e-01 1.000000000000000000e+00
-1.916177421808242798e-01 -6.733613610267639160e-01 -1.000002980232238770e+00 1.000000000000000000e+00
-5.454421788454055786e-02 -6.253026723861694336e-01 -1.009191870689392090e+00 1.000000000000000000e+00
1.526529490947723389e-01 -6.263934969902038574e-01 -1.009375810623168945e+00 1.000000000000000000e+00
2.901497185230255127e-01 -6.706125736236572266e-01 -9.980720281600952148e-01 1.000000000000000000e+00
4.525490105152130127e-01 -6.984082460403442383e-01 -9.337217807769775391e-01 1.000000000000000000e+00
5.946868658065795898e-01 -6.899636387825012207e-01 -7.825689911842346191e-01 1.000000000000000000e+00
6.736698746681213379e-01 -5.589424967765808105e-01 -5.789137482643127441e-01 1.000000000000000000e+00
4.731383547186851501e-02 -4.687736332416534424e-01 -1.022135972976684570e+00 1.000000000000000000e+00
4.964021593332290649e-02 -3.158265948295593262e-01 -1.087610602378845215e+00 1.000000000000000000e+00
4.809125512838363647e-02 -1.814310848712921143e-01 -1.139151096343994141e+00 1.000000000000000000e+00
4.788850620388984680e-02 -4.527791216969490051e-02 -1.179965615272521973e+00 1.000000000000000000e+00
-9.792882204055786133e-02 9.890240617096424103e-03 -9.068406224250793457e-01 1.000000000000000000e+00
-3.145434334874153137e-02 4.713469743728637695e-02 -9.364076852798461914e-01 1.000000000000000000e+00
3.816967457532882690e-02 7.409880310297012329e-02 -9.503276348114013672e-01 1.000000000000000000e+00
1.078745350241661072e-01 4.842409119009971619e-02 -9.359838366508483887e-01 1.000000000000000000e+00
1.737144887447357178e-01 1.269107218831777573e-02 -9.032839536666870117e-01 1.000000000000000000e+00
-4.435962736606597900e-01 -4.572203457355499268e-01 -7.606860399246215820e-01 1.000000000000000000e+00
-3.461623787879943848e-01 -4.787395000457763672e-01 -8.635310530662536621e-01 1.000000000000000000e+00
-2.471022754907608032e-01 -4.760048389434814453e-01 -8.672547340393066406e-01 1.000000000000000000e+00
-1.533633917570114136e-01 -4.403129518032073975e-01 -8.278870582580566406e-01 1.000000000000000000e+00
-2.431850731372833252e-01 -4.073386192321777344e-01 -8.399183750152587891e-01 1.000000000000000000e+00
-3.452009558677673340e-01 -4.045576155185699463e-01 -8.305177092552185059e-01 1.000000000000000000e+00
2.328814268112182617e-01 -4.372417926788330078e-01 -8.245729207992553711e-01 1.000000000000000000e+00
3.292030096054077148e-01 -4.709031283855438232e-01 -8.627578616142272949e-01 1.000000000000000000e+00
4.296955168247222900e-01 -4.730414450168609619e-01 -8.549789786338806152e-01 1.000000000000000000e+00
5.218183994293212891e-01 -4.510506689548492432e-01 -7.469394207000732422e-01 1.000000000000000000e+00
4.226219356060028076e-01 -3.990695178508758545e-01 -8.203055262565612793e-01 1.000000000000000000e+00
3.212319612503051758e-01 -4.036445021629333496e-01 -8.332470655441284180e-01 1.000000000000000000e+00
-2.439494282007217407e-01 2.029952555894851685e-01 -6.970895528793334961e-01 1.000000000000000000e+00
-1.550384461879730225e-01 1.957116127014160156e-01 -8.110208511352539062e-01 1.000000000000000000e+00
-3.509932383894920349e-02 2.022874951362609863e-01 -8.777462244033813477e-01 1.000000000000000000e+00
3.744249790906906128e-02 2.132560461759567261e-01 -8.826709985733032227e-01 1.000000000000000000e+00
1.109737455844879150e-01 2.036645114421844482e-01 -8.776848316192626953e-01 1.000000000000000000e+00
2.254336923360824585e-01 1.996536999940872192e-01 -8.081251382827758789e-01 1.000000000000000000e+00
3.099940121173858643e-01 2.079282850027084351e-01 -6.864407062530517578e-01 1.000000000000000000e+00
2.282839715480804443e-01 2.879648804664611816e-01 -7.653774023056030273e-01 1.000000000000000000e+00
1.152407675981521606e-01 3.230965137481689453e-01 -8.388784527778625488e-01 1.000000000000000000e+00
3.693216294050216675e-02 3.279070854187011719e-01 -8.483048081398010254e-01 1.000000000000000000e+00
-4.071605205535888672e-02 3.205334246158599854e-01 -8.406672477722167969e-01 1.000000000000000000e+00
-1.613148450851440430e-01 2.830863893032073975e-01 -7.742419242858886719e-01 1.000000000000000000e+00
-2.381426692008972168e-01 2.016211599111557007e-01 -6.945663690567016602e-01 1.000000000000000000e+00
-4.018509760499000549e-02 2.419525086879730225e-01 -8.015320301055908203e-01 0.000000000000000000e+00
3.562686964869499207e-02 2.425982058048248291e-01 -8.039224743843078613e-01 0.000000000000000000e+00
1.118810102343559265e-01 2.440273761749267578e-01 -8.024100661277770996e-01 0.000000000000000000e+00
3.079997301101684570e-01 2.073050588369369507e-01 -6.866994500160217285e-01 1.000000000000000000e+00
1.178705990314483643e-01 2.400898933410644531e-01 -8.163383603096008301e-01 1.000000000000000000e+00
3.984466195106506348e-02 2.408128976821899414e-01 -8.321093916893005371e-01 1.000000000000000000e+00
-4.335686936974525452e-02 2.381409257650375366e-01 -8.183870911598205566e-01 1.000000000000000000e+00
