-8.709968328475952148e-01 -5.324190258979797363e-01 -1.559648662805557251e-01 1.000000000000000000e+00
-8.385537862777709961e-01 -3.200888931751251221e-01 -6.852699071168899536e-02 1.000000000000000000e+00
-7.883166670799255371e-01 -8.109121024608612061e-02 1.628632470965385437e-02 1.000000000000000000e+00
-7.181184887886047363e-01 1.476873457431793213e-01 -4.338362254202365875e-03 0.000000000000000000e+00
-6.321187019348144531e-01 3.784785866737365723e-01 -1.108516827225685120e-01 0.000000000000000000e+00
-5.127524733543395996e-01 5.776689052581787109e-01 -2.977564334869384766e-01 1.000000000000000000e+00
-3.471301496028900146e-01 7.127233147621154785e-01 -4.368415772914886475e-01 1.000000000000000000e+00
-1.604326665401458740e-01 8.251969218254089355e-01 -6.098406910896301270e-01 1.000000000000000000e+00
4.818311333656311035e-02 8.529224395751953125e-01 -6.298969388008117676e-01 1.000000000000000000e+00
2.275390028953552246e-01 8.048470616340637207e-01 -6.184722185134887695e-01 1.000000000000000000e+00
4.120535552501678467e-01 6.803904771804809570e-01 -4.551251232624053955e-01 1.000000000000000000e+00
5.655512809753417969e-01 5.307336449623107910e-01 -3.259938955307006836e-01 1.000000000000000000e+00
6.695442795753479004e-01 3.210149407386779785e-01 -1.455666869878768921e-01 0.000000000000000000e+00
7.354938983917236328e-01 8.363527804613113403e-02 -4.398779198527336121e-02 0.000000000000000000e+00
7.932468652725219727e-01 -1.421360373497009277e-01 -2.806790731847286224e-02 1.000000000000000000e+00
8.208512067794799805e-01 -3.828136622905731201e-01 -1.216672435402870178e-01 1.000000000000000000e+00
8.494382500648498535e-01 -5.993051528930664062e-01 -2.049205303192138672e-01 1.000000000000000000e+00
-7.410410046577453613e-01 -4.854233562946319580e-01 -7.147861123085021973e-01 1.000000000000000000e+00
-6.458514332771301270e-01 -6.358150243759155273e-01 -9.446176290512084961e-01 1.000000000000000000e+00
-4.823801517486572266e-01 -6.345033645629882812e-01 -1.110703468322753906e+00 1.000000000000000000e+00
-3.022853136062622070e-01 -5.914150476455688477e-01 -1.187465548515319824e+00 1.000000000000000000e+00
-1.460037082433700562e-01 -5.315897464752197266e-01 -1.199583530426025391e+00 1.000000000000000000e+00
9.641761332750320435e-02 -5.401980876922607422e-01 -1.206454873085021973e+00 1.000000000000000000e+00
2.487493157386779785e-01 -6.093952059745788574e-01 -1.204058527946472168e+00 1.000000000000000000e+00
4.273971915245056152e-01 -6.684379577636718750e-01 -1.132287621498107910e+00 1.000000000000000000e+00
5.922824740409851074e-01 -6.857003569602966309e-01 -9.701547026634216309e-01 1.000000000000000000e+00
7.006347775459289551e-01 -5.436817407608032227e-01 -7.466954588890075684e-01 1.000000000000000000e+00
-1.754726096987724304e-02 -3.483996987342834473e-01 -1.180233836174011230e+00 1.000000000000000000e+00
-1.078218594193458557e-02 -1.765156388282775879e-01 -1.235434293746948242e+00 1.000000000000000000e+00
-8.131455630064010620e-03 -3.710314258933067322e-02 -1.290612101554870605e+00 1.000000000000000000e+00
-3.343547461554408073e-03 1.044091433286666870e-01 -1.330700874328613281e+00 1.000000000000000000e+00
-1.558098345994949341e-01 1.766136139631271362e-01 -1.043526649475097656e+00 1.000000000000000000e+00
-7.875718176364898682e-02 2.084483057260513306e-01 -1.074046134948730469e+00 1.000000000000000000e+00
1.178856357000768185e-03 2.345056235790252686e-01 -1.091158390045166016e+00 1.000000000000000000e+00
8.024353533983230591e-02 2.040303051471710205e-01 -1.078893423080444336e+00 1.000000000000000000e+00
1.550130993127822876e-01 1.670779287815093994e-01 -1.051000475883483887e+00 1.000000000000000000e+00
-5.630222558975219727e-01 -3.544830679893493652e-01 -8.911430835723876953e-01 1.000000000000000000e+00
-4.631156325340270996e-01 -3.988351225852966309e-01 -1.024487853050231934e+00 1.000000000000000000e+00
-3.455297350883483887e-01 -3.943572640419006348e-01 -1.033485054969787598e+00 1.000000000000000000e+00
-2.389683276414871216e-01 -3.346323370933532715e-01 -9.779498577117919922e-01 1.000000000000000000e+00
-3.348491191864013672e-01 -2.941063344478607178e-01 -9.790836572647094727e-01 1.000000000000000000e+00
-4.487422406673431396e-01 -2.887039184570312500e-01 -9.645255804061889648e-01 1.000000000000000000e+00
2.044255733489990234e-01 -3.486786782741546631e-01 -9.907371401786804199e-01 1.000000000000000000e+00
3.041850626468658447e-01 -4.165798723697662354e-01 -1.052862882614135742e+00 1.000000000000000000e+00
4.223463535308837891e-01 -4.318360090255737305e-01 -1.049778699874877930e+00 1.000000000000000000e+00
5.303107500076293945e-01 -3.942618370056152344e-01 -9.174146652221679688e-01 1.000000000000000000e+00
4.162090718746185303e-01 -3.196129798889160156e-01 -9.857805371284484863e-01 1.000000000000000000e+00
3.019482791423797607e-01 -3.164177834987640381e-01 -9.967304468154907227e-01 1.000000000000000000e+00
-2.858609855175018311e-01 3.843104839324951172e-01 -8.172138929367065430e-01 1.000000000000000000e+00
-1.921683847904205322e-01 3.865632116794586182e-01 -9.434776902198791504e-01 1.000000000000000000e+00
-6.820821017026901245e-02 3.872757256031036377e-01 -1.018445611000061035e+00 1.000000000000000000e+00
8.510120213031768799e-03 3.955859243869781494e-01 -1.027280449867248535e+00 1.000000000000000000e+00
8.575142174959182739e-02 3.822719454765319824e-01 -1.024554133415222168e+00 1.000000000000000000e+00
2.078570723533630371e-01 3.736535012722015381e-01 -9.558846354484558105e-01 1.000000000000000000e+00
3.014762997627258301e-01 3.598625659942626953e-01 -8.321636319160461426e-01 1.000000000000000000e+00
2.154594808816909790e-01 4.384618103504180908e-01 -9.115560054779052734e-01 1.000000000000000000e+00
9.241574257612228394e-02 4.872027635574340820e-01 -9.762117862701416016e-01 1.000000000000000000e+00
9.429092518985271454e-03 4.972285628318786621e-01 -9.803377985954284668e-01 1.000000000000000000e+00
-7.385829091072082520e-02 4.933175146579742432e-01 -9.697874188423156738e-01 1.000000000000000000e+00
-2.003706246614456177e-01 4.557725191116333008e-01 -9.000346064567565918e-01 1.000000000000000000e+00
-2.792938649654388428e-01 3.832806050777435303e-01 -8.152648210525512695e-01 1.000000000000000000e+00
-6.785526871681213379e-02 4.330103099346160889e-01 -9.350469708442687988e-01 0.000000000000000000e+00
1.098874863237142563e-02 4.320332407951354980e-01 -9.424393177032470703e-01 0.000000000000000000e+00
8.991809189319610596e-02 4.272446930408477783e-01 -9.401318430900573730e-01 0.000000000000000000e+00
2.988470494747161865e-01 3.598223924636840820e-01 -8.323365449905395508e-01 1.000000000000000000e+00
9.008655697107315063e-02 4.016559123992919922e-01 -9.656400680541992188e-01 1.000000000000000000e+00
6.121808197349309921e-03 4.089954197406768799e-01 -9.761775732040405273e-01 1.000000000000000000e+00
-7.850097864866256714e-02 4.089952409267425537e-01 -9.587028026580810547e-01 1.000000000000000000e+00
