-7.528831362724304199e-01 -3.574166595935821533e-01 2.761495411396026611e-01 1.000000000000000000e+00
-7.312769293785095215e-01 -1.580104380846023560e-01 2.930663228034973145e-01 1.000000000000000000e+00
-6.909119486808776855e-01 6.333579123020172119e-02 3.020825982093811035e-01 1.000000000000000000e+00
-6.265913844108581543e-01 2.475571632385253906e-01 2.351681441068649292e-01 1.000000000000000000e+00
-5.435795783996582031e-01 4.150584936141967773e-01 1.006688848137855530e-01 1.000000000000000000e+00
-4.398595392704010010e-01 5.510554313659667969e-01 -9.080891311168670654e-02 1.000000000000000000e+00
-2.998328804969787598e-01 6.515963077545166016e-01 -2.202530801296234131e-01 1.000000000000000000e+00
-1.341904401779174805e-01 7.232859134674072266e-01 -3.584587275981903076e-01 1.000000000000000000e+00
4.746404290199279785e-02 7.614231109619140625e-01 -3.593944609165191650e-01 1.000000000000000000e+00
2.059811353683471680e-01 7.254620194435119629e-01 -3.268132507801055908e-01 1.000000000000000000e+00
3.576819002628326416e-01 6.562091708183288574e-01 -1.649816781282424927e-01 1.000000000000000000e+00
4.761526286602020264e-01 5.443400740623474121e-01 -1.965474151074886322e-02 1.000000000000000000e+00
5.511491298675537109e-01 3.965126276016235352e-01 1.813264042139053345e-01 1.000000000000000000e+00
6.096405386924743652e-01 2.203828394412994385e-01 3.235472142696380615e-01 0.000000000000000000e+00
6.614622473716735840e-01 3.514806181192398071e-02 3.896540105342864990e-01 1.000000000000000000e+00
6.931573748588562012e-01 -1.933798938989639282e-01 3.758384585380554199e-01 1.000000000000000000e+00
7.141484022140502930e-01 -3.957626521587371826e-01 3.664713203907012939e-01 1.000000000000000000e+00
-5.986976027488708496e-01 -4.772665798664093018e-01 -1.736726015806198120e-01 1.000000000000000000e+00
-5.156961083412170410e-01 -6.714845895767211914e-01 -3.228020370006561279e-01 1.000000000000000000e+00
-3.683238327503204346e-01 -7.189338803291320801e-01 -4.535855650901794434e-01 1.000000000000000000e+00
-2.070157527923583984e-01 -7.050496935844421387e-01 -5.156096816062927246e-01 1.000000000000000000e+00
-6.993339955806732178e-02 -6.583892107009887695e-01 -5.292179584503173828e-01 1.000000000000000000e+00
1.364693343639373779e-01 -6.625658273696899414e-01 -5.172379016876220703e-01 1.000000000000000000e+00
2.677237689495086670e-01 -7.153961658477783203e-01 -4.890536069869995117e-01 1.000000000000000000e+00
4.185220897197723389e-01 -7.409245371818542480e-01 -4.036497473716735840e-01 1.000000000000000000e+00
5.468385219573974609e-01 -7.031990885734558105e-01 -2.496297210454940796e-01 1.000000000000000000e+00
6.164633631706237793e-01 -5.133218169212341309e-01 -9.114291518926620483e-02 1.000000000000000000e+00
4.258229210972785950e-02 -4.956128299236297607e-01 -5.594544410705566406e-01 1.000000000000000000e+00
5.441164597868919373e-02 -3.592693805694580078e-01 -6.570603847503662109e-01 1.000000000000000000e+00
6.255616992712020874e-02 -2.463827282190322876e-01 -7.386005520820617676e-01 1.000000000000000000e+00
7.085754722356796265e-02 -1.290174275636672974e-01 -8.078909516334533691e-01 1.000000000000000000e+00
-5.459075793623924255e-02 2.953984215855598450e-02 -5.896375179290771484e-01 1.000000000000000000e+00
1.859975396655499935e-03 4.211252182722091675e-02 -6.177104711532592773e-01 1.000000000000000000e+00
5.979727208614349365e-02 5.844091624021530151e-02 -6.374220848083496094e-01 1.000000000000000000e+00
1.137096285820007324e-01 4.019771143794059753e-02 -6.127679347991943359e-01 1.000000000000000000e+00
1.641190201044082642e-01 2.428193762898445129e-02 -5.773261189460754395e-01 1.000000000000000000e+00
-4.382715225219726562e-01 -4.135327041149139404e-01 -3.425911664962768555e-01 1.000000000000000000e+00
-3.430798649787902832e-01 -4.846194684505462646e-01 -4.304739534854888916e-01 1.000000000000000000e+00
-2.417885810136795044e-01 -4.832941293716430664e-01 -4.318984448909759521e-01 1.000000000000000000e+00
-1.522743850946426392e-01 -4.212602972984313965e-01 -3.993219137191772461e-01 1.000000000000000000e+00
-2.347036451101303101e-01 -3.858662843704223633e-01 -4.193711578845977783e-01 1.000000000000000000e+00
-3.325538933277130127e-01 -3.767457306385040283e-01 -4.142959117889404297e-01 1.000000000000000000e+00
2.080626934766769409e-01 -4.307276010513305664e-01 -3.796748816967010498e-01 1.000000000000000000e+00
2.990398705005645752e-01 -4.965996444225311279e-01 -4.014419615268707275e-01 1.000000000000000000e+00
3.995200097560882568e-01 -5.045267939567565918e-01 -3.874225318431854248e-01 1.000000000000000000e+00
4.850639104843139648e-01 -4.389338791370391846e-01 -2.862326502799987793e-01 1.000000000000000000e+00
3.909869194030761719e-01 -3.966191411018371582e-01 -3.711228072643280029e-01 1.000000000000000000e+00
2.945835590362548828e-01 -4.003927111625671387e-01 -3.891255557537078857e-01 1.000000000000000000e+00
-1.712985634803771973e-01 3.246882259845733643e-01 -4.840971827507019043e-01 1.000000000000000000e+00
-8.750490099191665649e-02 2.700645923614501953e-01 -5.878894925117492676e-01 1.000000000000000000e+00
7.965235039591789246e-03 2.370645254850387573e-01 -6.367571949958801270e-01 1.000000000000000000e+00
6.560362875461578369e-02 2.402452677488327026e-01 -6.419306993484497070e-01 1.000000000000000000e+00
1.231872588396072388e-01 2.346195578575134277e-01 -6.311464905738830566e-01 1.000000000000000000e+00
2.117508202791213989e-01 2.649098932743072510e-01 -5.678591132164001465e-01 1.000000000000000000e+00
2.787784337997436523e-01 3.227720856666564941e-01 -4.506382644176483154e-01 1.000000000000000000e+00
2.200366854667663574e-01 3.697741925716400146e-01 -5.127002596855163574e-01 1.000000000000000000e+00
1.307491213083267212e-01 3.927395939826965332e-01 -5.726487040519714355e-01 1.000000000000000000e+00
6.564392149448394775e-02 3.978422582149505615e-01 -5.838211774826049805e-01 1.000000000000000000e+00
-1.763860345818102360e-03 3.901334404945373535e-01 -5.835905671119689941e-01 1.000000000000000000e+00
-1.011893302202224731e-01 3.666581511497497559e-01 -5.417618751525878906e-01 1.000000000000000000e+00
-1.663013547658920288e-01 3.248977959156036377e-01 -4.809280931949615479e-01 1.000000000000000000e+00
4.931178409606218338e-03 3.056213259696960449e-01 -5.794580578804016113e-01 1.000000000000000000e+00
6.404918432235717773e-02 3.044646084308624268e-01 -5.854520797729492188e-01 1.000000000000000000e+00
1.212483346462249756e-01 3.045047521591186523e-01 -5.707136392593383789e-01 1.000000000000000000e+00
2.765707075595855713e-01 3.224930167198181152e-01 -4.511084258556365967e-01 1.000000000000000000e+00
1.305679380893707275e-01 3.268830478191375732e-01 -5.546783208847045898e-01 1.000000000000000000e+00
6.612884998321533203e-02 3.266337811946868896e-01 -5.650643110275268555e-01 1.000000000000000000e+00
9.910638909786939621e-04 3.246612846851348877e-01 -5.651622414588928223e-01 1.000000000000000000e+00
