-7.847378849983215332e-01 -4.457889795303344727e-01 7.049464434385299683e-02 1.000000000000000000e+00
-7.680799961090087891e-01 -2.327597737312316895e-01 1.228213235735893250e-01 1.000000000000000000e+00
-7.336939573287963867e-01 5.599295254796743393e-03 1.682959347963333130e-01 1.000000000000000000e+00
-6.796157360076904297e-01 2.118422389030456543e-01 1.167112216353416443e-01 1.000000000000000000e+00
-5.892816781997680664e-01 4.073365628719329834e-01 -1.381348632276058197e-02 1.000000000000000000e+00
-4.723923504352569580e-01 5.753823518753051758e-01 -2.163390070199966431e-01 1.000000000000000000e+00
-3.100436627864837646e-01 6.907512545585632324e-01 -3.669175803661346436e-01 1.000000000000000000e+00
-1.154808402061462402e-01 7.720523476600646973e-01 -5.352511405944824219e-01 1.000000000000000000e+00
9.099891781806945801e-02 8.053845167160034180e-01 -5.454594492912292480e-01 1.000000000000000000e+00
2.650230526924133301e-01 7.650279998779296875e-01 -5.096921324729919434e-01 1.000000000000000000e+00
4.339255988597869873e-01 6.816241145133972168e-01 -3.224823474884033203e-01 1.000000000000000000e+00
5.649632215499877930e-01 5.563532114028930664e-01 -1.601992696523666382e-01 1.000000000000000000e+00
6.486119031906127930e-01 3.841749429702758789e-01 4.996101558208465576e-02 0.000000000000000000e+00
7.145113945007324219e-01 1.863805800676345825e-01 1.880394369363784790e-01 0.000000000000000000e+00
7.592186331748962402e-01 -1.398857031017541885e-02 2.368399649858474731e-01 1.000000000000000000e+00
7.919664382934570312e-01 -2.538930177688598633e-01 1.855018138885498047e-01 1.000000000000000000e+00
8.140341639518737793e-01 -4.685298502445220947e-01 1.393333077430725098e-01 1.000000000000000000e+00
-6.181793212890625000e-01 -4.908040463924407959e-01 -4.410784542560577393e-01 1.000000000000000000e+00
-5.183454751968383789e-01 -6.561572551727294922e-01 -6.335592269897460938e-01 1.000000000000000000e+00
-3.545699715614318848e-01 -6.757398247718811035e-01 -7.776991724967956543e-01 1.000000000000000000e+00
-1.830340772867202759e-01 -6.533135771751403809e-01 -8.409112691879272461e-01 1.000000000000000000e+00
-3.843940421938896179e-02 -6.086553931236267090e-01 -8.445435762405395508e-01 1.000000000000000000e+00
1.759008467197418213e-01 -6.086769104003906250e-01 -8.368303179740905762e-01 1.000000000000000000e+00
3.175438940525054932e-01 -6.542751193046569824e-01 -8.248246908187866211e-01 1.000000000000000000e+00
4.803360700607299805e-01 -6.860353946685791016e-01 -7.433027029037475586e-01 1.000000000000000000e+00
6.248601675033569336e-01 -6.737214326858520508e-01 -5.791606903076171875e-01 1.000000000000000000e+00
7.049359679222106934e-01 -5.113186836242675781e-01 -3.788647055625915527e-01 1.000000000000000000e+00
7.349830865859985352e-02 -4.492655396461486816e-01 -8.479574322700500488e-01 1.000000000000000000e+00
8.199948817491531372e-02 -3.022342026233673096e-01 -9.305379390716552734e-01 1.000000000000000000e+00
8.706782758235931396e-02 -1.788792312145233154e-01 -1.002197146415710449e+00 1.000000000000000000e+00
9.316980838775634766e-02 -4.963003844022750854e-02 -1.059061765670776367e+00 1.000000000000000000e+00
-6.172907724976539612e-02 6.118141487240791321e-02 -7.975568771362304688e-01 1.000000000000000000e+00
7.928261533379554749e-03 8.570392429828643799e-02 -8.259759545326232910e-01 1.000000000000000000e+00
7.771997153759002686e-02 1.084641069173812866e-01 -8.406937122344970703e-01 1.000000000000000000e+00
1.452682018280029297e-01 8.408986777067184448e-02 -8.217788934707641602e-01 1.000000000000000000e+00
2.095420956611633301e-01 5.800733715295791626e-02 -7.855235338211059570e-01 1.000000000000000000e+00
-4.481359124183654785e-01 -4.058385789394378662e-01 -6.140123009681701660e-01 1.000000000000000000e+00
-3.459807336330413818e-01 -4.579059183597564697e-01 -7.206062078475952148e-01 1.000000000000000000e+00
-2.372949123382568359e-01 -4.556952118873596191e-01 -7.196852564811706543e-01 1.000000000000000000e+00
-1.403411924839019775e-01 -4.021435081958770752e-01 -6.701688170433044434e-01 1.000000000000000000e+00
-2.310895621776580811e-01 -3.648867011070251465e-01 -6.880483031272888184e-01 1.000000000000000000e+00
-3.369414210319519043e-01 -3.591028153896331787e-01 -6.819526553153991699e-01 1.000000000000000000e+00
2.613660693168640137e-01 -4.075102806091308594e-01 -6.577531099319458008e-01 1.000000000000000000e+00
3.625282049179077148e-01 -4.555900096893310547e-01 -6.962525248527526855e-01 1.000000000000000000e+00
4.701705873012542725e-01 -4.594314098358154297e-01 -6.885330677032470703e-01 1.000000000000000000e+00
5.613706111907958984e-01 -4.172630310058593750e-01 -5.721681714057922363e-01 1.000000000000000000e+00
4.580365121364593506e-01 -3.702048361301422119e-01 -6.510165929794311523e-01 1.000000000000000000e+00
3.537217676639556885e-01 -3.740347325801849365e-01 -6.673948168754577637e-01 1.000000000000000000e+00
-1.983036100864410400e-01 3.140697181224822998e-01 -6.228632926940917969e-01 1.000000000000000000e+00
-1.075616255402565002e-01 2.906815409660339355e-01 -7.378224730491638184e-01 1.000000000000000000e+00
9.672509506344795227e-03 2.788804471492767334e-01 -7.975149750709533691e-01 1.000000000000000000e+00
7.947488874197006226e-02 2.863252460956573486e-01 -8.010430932044982910e-01 1.000000000000000000e+00
1.499770879745483398e-01 2.769356369972229004e-01 -7.924425601959228516e-01 1.000000000000000000e+00
2.609792351722717285e-01 2.866061031818389893e-01 -7.196471691131591797e-01 1.000000000000000000e+00
3.478641211986541748e-01 3.082129359245300293e-01 -5.919180512428283691e-01 1.000000000000000000e+00
2.731772959232330322e-01 3.591165542602539062e-01 -6.787345409393310547e-01 1.000000000000000000e+00
1.663622707128524780e-01 3.832258880138397217e-01 -7.507892251014709473e-01 1.000000000000000000e+00
9.144460409879684448e-02 3.880965113639831543e-01 -7.620293498039245605e-01 1.000000000000000000e+00
1.468700729310512543e-02 3.831784725189208984e-01 -7.581061124801635742e-01 1.000000000000000000e+00
-1.050877422094345093e-01 3.623432815074920654e-01 -7.016306519508361816e-01 1.000000000000000000e+00
-1.929010599851608276e-01 3.125235140323638916e-01 -6.215477585792541504e-01 1.000000000000000000e+00
4.204847384244203568e-03 3.366868197917938232e-01 -7.260277867317199707e-01 0.000000000000000000e+00
7.744666934013366699e-02 3.361968398094177246e-01 -7.285156846046447754e-01 1.000000000000000000e+00
1.505285352468490601e-01 3.361127972602844238e-01 -7.192535996437072754e-01 0.000000000000000000e+00
3.458059132099151611e-01 3.079059123992919922e-01 -5.925805568695068359e-01 1.000000000000000000e+00
1.672056913375854492e-01 3.092778027057647705e-01 -7.316591739654541016e-01 1.000000000000000000e+00
9.162317961454391479e-02 3.102522790431976318e-01 -7.473770976066589355e-01 1.000000000000000000e+00
1.079204399138689041e-02 3.104569315910339355e-01 -7.400903105735778809e-01 1.000000000000000000e+00
