-7.232759594917297363e-01 -3.170022070407867432e-01 3.910326957702636719e-01 1.000000000000000000e+00
-6.934354901313781738e-01 -1.247733607888221741e-01 4.010282754898071289e-01 1.000000000000000000e+00
-6.575274467468261719e-01 9.065643697977066040e-02 3.984003961086273193e-01 1.000000000000000000e+00
-6.125305294990539551e-01 2.700493633747100830e-01 3.254159092903137207e-01 0.000000000000000000e+00
-5.443678498268127441e-01 4.264135360717773438e-01 1.844435185194015503e-01 1.000000000000000000e+00
-4.574620425701141357e-01 5.494051575660705566e-01 -1.363523304462432861e-02 1.000000000000000000e+00
-3.230656683444976807e-01 6.399841904640197754e-01 -1.535962820053100586e-01 1.000000000000000000e+00
-1.680367290973663330e-01 6.932569146156311035e-01 -3.049766719341278076e-01 1.000000000000000000e+00
1.023353356868028641e-02 7.229555249214172363e-01 -3.316190242767333984e-01 1.000000000000000000e+00
1.662052273750305176e-01 6.793017387390136719e-01 -3.184081614017486572e-01 1.000000000000000000e+00
3.387370407581329346e-01 6.160214543342590332e-01 -1.864214688539505005e-01 1.000000000000000000e+00
4.767303764820098877e-01 5.091376304626464844e-01 -6.257650256156921387e-02 1.000000000000000000e+00
5.762419700622558594e-01 3.752419054508209229e-01 1.236266419291496277e-01 1.000000000000000000e+00
6.459564566612243652e-01 2.112547457218170166e-01 2.564467787742614746e-01 1.000000000000000000e+00
6.843485832214355469e-01 3.219069913029670715e-02 3.168808221817016602e-01 1.000000000000000000e+00
7.029608488082885742e-01 -1.878011673688888550e-01 3.063959181308746338e-01 1.000000000000000000e+00
7.230866551399230957e-01 -3.828178644180297852e-01 2.967662513256072998e-01 1.000000000000000000e+00
-6.257214546203613281e-01 -4.361531734466552734e-01 -5.695731192827224731e-02 1.000000000000000000e+00
-5.503858923912048340e-01 -6.121752262115478516e-01 -2.027159780263900757e-01 1.000000000000000000e+00
-4.180087149143218994e-01 -6.570972800254821777e-01 -3.366408348083496094e-01 1.000000000000000000e+00
-2.715258002281188965e-01 -6.465060710906982422e-01 -4.106720387935638428e-01 1.000000000000000000e+00
-1.459106802940368652e-01 -6.081301569938659668e-01 -4.371466934680938721e-01 1.000000000000000000e+00
4.043230041861534119e-02 -6.168985962867736816e-01 -4.498501121997833252e-01 1.000000000000000000e+00
1.639646291732788086e-01 -6.676223278045654297e-01 -4.409543275833129883e-01 1.000000000000000000e+00
3.159087598323822021e-01 -6.918059587478637695e-01 -3.843654394149780273e-01 1.000000000000000000e+00
4.655129313468933105e-01 -6.615356206893920898e-01 -2.631706297397613525e-01 1.000000000000000000e+00
5.694261193275451660e-01 -4.947050809860229492e-01 -1.281969398260116577e-01 1.000000000000000000e+00
-4.730902984738349915e-02 -4.566437900066375732e-01 -4.776157438755035400e-01 1.000000000000000000e+00
-4.527347907423973083e-02 -3.321317136287689209e-01 -5.714880824089050293e-01 1.000000000000000000e+00
-4.609305411577224731e-02 -2.333672046661376953e-01 -6.539360284805297852e-01 1.000000000000000000e+00
-4.478000104427337646e-02 -1.294942498207092285e-01 -7.200532555580139160e-01 1.000000000000000000e+00
-1.526253223419189453e-01 6.680137943476438522e-03 -5.158949494361877441e-01 1.000000000000000000e+00
-9.372304379940032959e-02 2.012016810476779938e-02 -5.494241714477539062e-01 1.000000000000000000e+00
-3.375708311796188354e-02 3.243869543075561523e-02 -5.737306475639343262e-01 1.000000000000000000e+00
2.781379967927932739e-02 1.513702049851417542e-02 -5.583035349845886230e-01 1.000000000000000000e+00
8.887007832527160645e-02 -3.179364604875445366e-03 -5.329076051712036133e-01 1.000000000000000000e+00
-4.841269254684448242e-01 -3.784261643886566162e-01 -2.492932379245758057e-01 1.000000000000000000e+00
-4.021539688110351562e-01 -4.342462420463562012e-01 -3.457895219326019287e-01 1.000000000000000000e+00
-3.082546591758728027e-01 -4.350765049457550049e-01 -3.584199845790863037e-01 1.000000000000000000e+00
-2.183257490396499634e-01 -3.893010318279266357e-01 -3.365771472454071045e-01 1.000000000000000000e+00
-2.997507452964782715e-01 -3.596587181091308594e-01 -3.474296629428863525e-01 1.000000000000000000e+00
-3.918981552124023438e-01 -3.492608666419982910e-01 -3.320000171661376953e-01 1.000000000000000000e+00
1.374161243438720703e-01 -4.059368968009948730e-01 -3.642492890357971191e-01 1.000000000000000000e+00
2.211978435516357422e-01 -4.568435251712799072e-01 -3.961186110973358154e-01 1.000000000000000000e+00
3.156214952468872070e-01 -4.650493860244750977e-01 -3.947787880897521973e-01 1.000000000000000000e+00
4.125474393367767334e-01 -4.194930791854858398e-01 -3.076745271682739258e-01 1.000000000000000000e+00
3.137618005275726318e-01 -3.816646933555603027e-01 -3.799728751182556152e-01 1.000000000000000000e+00
2.201892435550689697e-01 -3.836247324943542480e-01 -3.842038512229919434e-01 1.000000000000000000e+00
-2.445390671491622925e-01 2.863022089004516602e-01 -4.097618162631988525e-01 1.000000000000000000e+00
-1.799221783876419067e-01 2.141555696725845337e-01 -5.167388319969177246e-01 1.000000000000000000e+00
-8.667469769716262817e-02 1.782276332378387451e-01 -5.765939950942993164e-01 1.000000000000000000e+00
-2.747331373393535614e-02 1.803493499755859375e-01 -5.886886119842529297e-01 1.000000000000000000e+00
3.262778371572494507e-02 1.732347160577774048e-01 -5.845069289207458496e-01 1.000000000000000000e+00
1.317242980003356934e-01 2.017018646001815796e-01 -5.350238084793090820e-01 1.000000000000000000e+00
2.083909660577774048e-01 2.696872353553771973e-01 -4.374938011169433594e-01 1.000000000000000000e+00
1.392201185226440430e-01 3.245452642440795898e-01 -4.954878985881805420e-01 1.000000000000000000e+00
4.384196549654006958e-02 3.496156036853790283e-01 -5.463731288909912109e-01 1.000000000000000000e+00
-2.302547357976436615e-02 3.585395514965057373e-01 -5.482411384582519531e-01 1.000000000000000000e+00
-9.116045385599136353e-02 3.534119129180908203e-01 -5.375506281852722168e-01 1.000000000000000000e+00
-1.838952451944351196e-01 3.350115418434143066e-01 -4.791847765445709229e-01 1.000000000000000000e+00
-2.391626536846160889e-01 2.865129113197326660e-01 -4.065816998481750488e-01 1.000000000000000000e+00
-8.059074729681015015e-02 2.403842210769653320e-01 -5.224444270133972168e-01 1.000000000000000000e+00
-2.196776308119297028e-02 2.374420017004013062e-01 -5.332593321800231934e-01 1.000000000000000000e+00
3.719247505068778992e-02 2.370426207780838013e-01 -5.286576747894287109e-01 1.000000000000000000e+00
2.061253339052200317e-01 2.691401839256286621e-01 -4.373333156108856201e-01 1.000000000000000000e+00
4.072988778352737427e-02 2.859598696231842041e-01 -5.189405083656311035e-01 1.000000000000000000e+00
-2.347178384661674500e-02 2.884741723537445068e-01 -5.198644399642944336e-01 1.000000000000000000e+00
-8.798202872276306152e-02 2.894743084907531738e-01 -5.113818049430847168e-01 1.000000000000000000e+00
