-7.502469420433044434e-01 -3.397617042064666748e-01 2.758270800113677979e-01 1.000000000000000000e+00
-7.359761595726013184e-01 -1.457740962505340576e-01 3.050881028175354004e-01 0.000000000000000000e+00
-7.223531007766723633e-01 7.012522965669631958e-02 3.184295296669006348e-01 0.000000000000000000e+00
-7.059414982795715332e-01 2.503262758255004883e-01 2.546102106571197510e-01 0.000000000000000000e+00
-6.315100193023681641e-01 4.100987315177917480e-01 1.156791448593139648e-01 1.000000000000000000e+00
-5.133705139160156250e-01 5.359236598014831543e-01 -8.941917866468429565e-02 1.000000000000000000e+00
-3.583320081233978271e-01 6.303170919418334961e-01 -2.352135628461837769e-01 1.000000000000000000e+00
-1.810835003852844238e-01 6.816595196723937988e-01 -3.917227089405059814e-01 1.000000000000000000e+00
1.676660776138305664e-02 7.091750502586364746e-01 -4.194236397743225098e-01 1.000000000000000000e+00
1.873083263635635376e-01 6.715728044509887695e-01 -3.963599801063537598e-01 1.000000000000000000e+00
3.754400908946990967e-01 6.148198843002319336e-01 -2.501998245716094971e-01 1.000000000000000000e+00
5.344981551170349121e-01 5.157116651535034180e-01 -1.128187775611877441e-01 1.000000000000000000e+00
6.562924385070800781e-01 3.844554126262664795e-01 8.448617160320281982e-02 1.000000000000000000e+00
7.225233316421508789e-01 2.176930159330368042e-01 2.201365083456039429e-01 0.000000000000000000e+00
7.396103739738464355e-01 4.048892855644226074e-02 2.786110639572143555e-01 1.000000000000000000e+00
7.492439746856689453e-01 -1.758398711681365967e-01 2.517596483230590820e-01 1.000000000000000000e+00
7.672616243362426758e-01 -3.703805804252624512e-01 2.191154360771179199e-01 1.000000000000000000e+00
-6.353553533554077148e-01 -4.225292503833770752e-01 -1.856739670038223267e-01 1.000000000000000000e+00
-5.403137803077697754e-01 -5.866461992263793945e-01 -3.428854346275329590e-01 1.000000000000000000e+00
-3.907797336578369141e-01 -6.220736503601074219e-01 -4.778384864330291748e-01 1.000000000000000000e+00
-2.334385216236114502e-01 -6.074342727661132812e-01 -5.403876304626464844e-01 1.000000000000000000e+00
-1.039037629961967468e-01 -5.649563074111938477e-01 -5.631192326545715332e-01 1.000000000000000000e+00
8.908478170633316040e-02 -5.683154463768005371e-01 -5.715370774269104004e-01 1.000000000000000000e+00
2.156759798526763916e-01 -6.151471138000488281e-01 -5.614653229713439941e-01 1.000000000000000000e+00
3.718432486057281494e-01 -6.361204385757446289e-01 -5.087835788726806641e-01 1.000000000000000000e+00
5.243609547615051270e-01 -6.058512926101684570e-01 -3.801238238811492920e-01 1.000000000000000000e+00
6.347536444664001465e-01 -4.487344026565551758e-01 -2.303580939769744873e-01 1.000000000000000000e+00
-3.849013708531856537e-03 -4.253469705581665039e-01 -5.894984006881713867e-01 1.000000000000000000e+00
-2.700627082958817482e-03 -3.162067532539367676e-01 -6.713140606880187988e-01 1.000000000000000000e+00
-5.121030844748020172e-03 -2.375386059284210205e-01 -7.501894235610961914e-01 1.000000000000000000e+00
-5.515262484550476074e-03 -1.471094042062759399e-01 -8.122758865356445312e-01 1.000000000000000000e+00
-1.316382437944412231e-01 -2.977532520890235901e-02 -6.081914901733398438e-01 1.000000000000000000e+00
-6.917370855808258057e-02 -9.008618071675300598e-03 -6.476308107376098633e-01 1.000000000000000000e+00
-4.667689092457294464e-03 9.837340563535690308e-03 -6.730734109878540039e-01 1.000000000000000000e+00
6.097158044576644897e-02 -1.099627465009689331e-02 -6.533651351928710938e-01 1.000000000000000000e+00
1.237067282199859619e-01 -3.361149504780769348e-02 -6.168624758720397949e-01 1.000000000000000000e+00
-4.569880068302154541e-01 -3.565568625926971436e-01 -3.680864572525024414e-01 1.000000000000000000e+00
-3.716154396533966064e-01 -4.049054682254791260e-01 -4.643251895904541016e-01 1.000000000000000000e+00
-2.769308090209960938e-01 -4.050042331218719482e-01 -4.754489958286285400e-01 1.000000000000000000e+00
-1.853349208831787109e-01 -3.630581200122833252e-01 -4.463222026824951172e-01 1.000000000000000000e+00
-2.701941132545471191e-01 -3.312856256961822510e-01 -4.611663520336151123e-01 1.000000000000000000e+00
-3.626935482025146484e-01 -3.235416710376739502e-01 -4.481061697006225586e-01 1.000000000000000000e+00
1.817016303539276123e-01 -3.692014813423156738e-01 -4.647912383079528809e-01 1.000000000000000000e+00
2.689761519432067871e-01 -4.133267402648925781e-01 -4.993940293788909912e-01 1.000000000000000000e+00
3.641097843647003174e-01 -4.169284403324127197e-01 -4.934242069721221924e-01 1.000000000000000000e+00
4.543080031871795654e-01 -3.728541135787963867e-01 -3.982573449611663818e-01 1.000000000000000000e+00
3.586020469665527344e-01 -3.356916904449462891e-01 -4.755440056324005127e-01 1.000000000000000000e+00
2.657900452613830566e-01 -3.403820395469665527e-01 -4.840288758277893066e-01 1.000000000000000000e+00
-2.375398576259613037e-01 2.479433864355087280e-01 -5.257925391197204590e-01 1.000000000000000000e+00
-1.657925993204116821e-01 1.829063892364501953e-01 -6.169081330299377441e-01 1.000000000000000000e+00
-6.451657414436340332e-02 1.542725414037704468e-01 -6.730878353118896484e-01 1.000000000000000000e+00
-2.992614172399044037e-03 1.600563526153564453e-01 -6.809745430946350098e-01 1.000000000000000000e+00
5.970409512519836426e-02 1.510344743728637695e-01 -6.760526299476623535e-01 1.000000000000000000e+00
1.623926460742950439e-01 1.759779900312423706e-01 -6.257202029228210449e-01 1.000000000000000000e+00
2.338311076164245605e-01 2.405799329280853271e-01 -5.417002439498901367e-01 1.000000000000000000e+00
1.582348644733428955e-01 2.805491089820861816e-01 -6.015183925628662109e-01 1.000000000000000000e+00
5.952166020870208740e-02 2.929754555225372314e-01 -6.571997404098510742e-01 1.000000000000000000e+00
-7.770766038447618484e-03 2.978740334510803223e-01 -6.619598865509033203e-01 1.000000000000000000e+00
-7.614064961671829224e-02 2.938389480113983154e-01 -6.512869596481323242e-01 1.000000000000000000e+00
-1.732265502214431763e-01 2.857561111450195312e-01 -5.949464440345764160e-01 1.000000000000000000e+00
-2.306923866271972656e-01 2.442967295646667480e-01 -5.226636528968811035e-01 1.000000000000000000e+00
-6.298906356096267700e-02 2.144943773746490479e-01 -6.183503866195678711e-01 1.000000000000000000e+00
6.242782546905800700e-05 2.121879905462265015e-01 -6.243062615394592285e-01 1.000000000000000000e+00
6.391198188066482544e-02 2.135099470615386963e-01 -6.233004331588745117e-01 1.000000000000000000e+00
2.309288978576660156e-01 2.394460439682006836e-01 -5.413999557495117188e-01 1.000000000000000000e+00
5.794260650873184204e-02 2.256257236003875732e-01 -6.341239809989929199e-01 1.000000000000000000e+00
-6.599209271371364594e-03 2.228933423757553101e-01 -6.366225481033325195e-01 1.000000000000000000e+00
-7.401016354560852051e-02 2.268514931201934814e-01 -6.298760175704956055e-01 1.000000000000000000e+00
